75.1296539307 45.4453048706 15.9348783493 -0.6619760990 1.4042868614 0.1968848705 1188455552.0000000000 
52.9174575806 2.5107822418 19.5177307129 0.2461369038 0.0528948307 -0.8034645319 2295418112.0000000000 
64.5356979370 31.0168037415 60.1245422363 1.2475004196 -1.2295404077 -0.5673214197 1793924992.0000000000 
37.8517761230 40.1808128357 52.7546691895 1.0722482204 1.1035723686 -1.7166281343 432826304.0000000000 
18.6142864227 69.0255737305 23.1184310913 1.7497575283 -1.4211648107 -0.4378676414 679863296.0000000000 
99.5780563354 93.9754333496 74.7327575684 0.0998203754 1.8594484329 1.7700195312 216223344.0000000000 
47.8085861206 24.1638717651 0.4656618536 -1.5062288940 0.2072269917 0.4236080647 2338294784.0000000000 
74.4421615601 96.4071655273 65.2887878418 -1.5082423389 -0.5364807844 -1.2782616615 2227503616.0000000000 
14.1772880554 25.1277542114 6.4131989479 -0.6883370876 1.7661330700 -0.8187347651 663387776.0000000000 
8.6242084503 68.5849380493 53.7300415039 -1.6719095409 0.5024147034 -0.8614881039 1517444224.0000000000 
59.0465774536 22.7132816315 69.3467025757 -1.7257935107 -0.1249138117 0.7924945354 479985984.0000000000 
2.0578277111 30.4025688171 12.7312259674 1.0599997044 -0.9276106358 1.1208004951 2219848448.0000000000 
63.3977127075 96.0634689331 77.8940811157 1.1029999256 -1.1523509622 1.3722910881 259164368.0000000000 
15.3445539474 13.8389062881 36.9020843506 -1.0412495136 1.2969536781 1.6252851486 804275584.0000000000 
44.9842109680 19.0949230194 92.8687896729 -1.8387683928 -0.3276717663 0.4886200428 272148800.0000000000 
88.6853561401 32.0278625488 30.0853900909 1.6297273636 0.4972171783 -0.2873352766 1681079424.0000000000 
89.2401657104 20.8366317749 56.0371093750 0.1055150032 -1.3239958286 -0.6427525282 755321984.0000000000 
38.0913314819 18.2384643555 40.5794525146 0.1374354362 -0.7169051170 1.0992615223 1935116160.0000000000 
14.5012159348 68.1136703491 9.5756721497 0.3794171810 1.4883434772 -1.9022213370 1587905408.0000000000 
29.0167961121 64.6599655151 74.4021682739 -1.2919138074 1.8675131798 -1.8204975128 211133536.0000000000 
59.1182632446 47.3041801453 75.6885147095 -0.0656628609 0.7256324291 -0.7309749126 24907640.0000000000 
85.0409164429 65.6568145752 31.2091827393 -1.0747101903 1.3558111191 0.8715455532 1914203264.0000000000 
15.9726514816 49.2701759338 53.9727821350 -0.7810453176 -1.3046463132 0.5419380665 2248982272.0000000000 
4.5924315453 65.9929122925 53.4755096436 -0.6556309462 -0.7738846540 -0.8848927021 1282784512.0000000000 
27.3407135010 32.3652458191 59.7567214966 1.4583590031 1.1867768764 -0.5821903944 870435072.0000000000 
47.8102340698 67.1708679199 35.8137092590 -0.6859539747 -0.6868926287 0.6809158325 1399585024.0000000000 
16.7229652405 38.8115310669 32.5515289307 -0.6921753883 1.5232682228 1.4609723091 1579236992.0000000000 
5.4655485153 50.0727577209 53.1287803650 -1.5976808071 -1.3573729992 -1.7358284593 1091680128.0000000000 
46.7185554504 34.4819679260 94.9785919189 0.9623708725 0.6738886833 0.1894123554 1512956160.0000000000 
46.5166397095 90.1805496216 95.3356475830 1.7730751038 0.2940566540 -0.7540256977 679450688.0000000000 
90.1791000366 98.1722564697 83.1614227295 -1.7239173651 -0.5206487179 -1.3714818358 989942016.0000000000 
25.0654869080 2.2372608185 2.7671637535 -0.7787585258 0.0924007893 0.2358376980 1014725440.0000000000 
68.3756942749 62.5002250671 84.2562255859 -1.3962299824 1.8792879581 1.1693923473 2228838144.0000000000 
63.8294143677 33.9701156616 49.6717643738 -1.5861578584 -1.0339733362 -0.1997034550 116823248.0000000000 
81.5020828247 76.1567687988 31.8509578705 0.8672473431 0.9731609821 -1.3995046616 1964581248.0000000000 
11.3128070831 30.7253360748 18.1809329987 -0.5448682308 -0.6814961433 -1.1620761752 1672733312.0000000000 
85.2726135254 76.8440399170 7.4983491898 0.1459324360 -0.4262294769 1.6701829433 1718563840.0000000000 
36.3264617920 70.9893798828 57.8960762024 -1.9937649369 -1.8016199917 -1.6972862780 262548256.0000000000 
29.1101665497 52.5752601624 15.1748600006 -1.5755100250 -0.8507187366 -0.1189672947 2057335808.0000000000 
3.0610554218 62.0382003784 60.8766860962 -1.4250455499 1.7105414867 1.1623046398 1268803968.0000000000 
25.7261333466 0.0057111029 17.6614894867 -1.5600499809 1.0739898682 -0.9936064482 1616176512.0000000000 
16.1940097809 16.9144115448 33.3896179199 0.1008188725 1.5161516666 1.6514277458 1316908800.0000000000 
92.8632888794 98.8535385132 63.1782760620 -1.1210615635 0.0571517944 1.1341257095 814642752.0000000000 
80.1608276367 25.3789577484 14.8791427612 1.3288753033 1.4966864586 1.0302331448 2439893760.0000000000 
80.1807022095 54.8134460449 48.3479003906 -1.7637267262 0.1927661896 0.6403756142 422639552.0000000000 
31.6689014435 91.1692276001 81.5526428223 -0.0854835510 -1.6766543984 -1.4023097157 9584578.0000000000 
95.9874343872 6.2279515266 53.0597343445 1.5540292263 -1.7967404276 -1.3504794836 270604704.0000000000 
56.5102882385 94.5911560059 43.4098968506 -0.5331555605 -1.2011955976 0.3315615654 497324832.0000000000 
7.3872699738 34.0448684692 17.4887371063 1.5027186871 1.5543324947 0.6334655285 2336869888.0000000000 
43.6774635315 31.8460292816 10.3803806305 1.0138545036 -1.0793896914 1.6773209572 580231872.0000000000 
31.0988960266 6.8752779961 23.5926570892 -0.9165467024 -1.4758707881 1.0660955906 398426464.0000000000 
18.1847190857 92.8903961182 26.7612457275 0.9878001213 1.4992620945 0.8068456650 284152896.0000000000 
7.4516644478 28.4601840973 31.2591075897 -1.4064426422 0.5002021790 -0.0500861406 60172520.0000000000 
51.3633613586 14.5844850540 95.8816986084 1.8016331196 -0.1427794695 -1.7495168149 1759679744.0000000000 
69.4457702637 98.1950988770 93.5964660645 -1.9782132637 -1.7971848547 -1.3124352098 690774976.0000000000 
18.1736087799 93.8415145874 43.5680580139 -0.5456669331 1.4692764282 0.8131723404 276333280.0000000000 
74.2134628296 40.5004501343 22.4194469452 1.2666051388 0.7584254742 0.1471421719 2412601600.0000000000 
31.4656848907 2.4264023304 98.9109649658 1.3131618500 -1.3195645213 1.7917065620 1946746880.0000000000 
63.4414024353 1.0547431707 48.2570610046 -0.6845130920 1.9699938297 -0.3258589506 835795968.0000000000 
4.3202219009 59.0426445007 61.0628433228 -1.1002467871 0.1153662205 -1.8147640526 1471303936.0000000000 
39.6160659790 74.9602050781 69.9054870605 -1.4468187094 -1.3815738559 1.6929974556 2387366656.0000000000 
84.4212875366 46.0034904480 91.9987258911 -1.3645209670 -0.0628042221 1.6363875866 2467900416.0000000000 
65.4407806396 85.7023544312 76.5858917236 -0.8447127342 1.4702839851 -1.0062816143 1544233856.0000000000 
86.0069427490 66.6964797974 95.2011947632 1.6130864620 -0.9704347849 0.2505614758 320524832.0000000000 
78.6232833862 60.8949356079 71.6731491089 -1.2704259157 -0.5657944679 -0.3368543386 801722112.0000000000 
51.3157920837 33.9035758972 27.5635452271 -0.5705168247 1.1962826252 -1.2175091505 1290601344.0000000000 
28.3369598389 10.4719619751 50.3400802612 1.7511096001 1.8469727039 -0.9229609966 566498048.0000000000 
82.9314117432 51.7689361572 84.4292755127 0.7575342655 -1.2613831162 1.1852188110 1481638016.0000000000 
44.2045516968 35.8945083618 72.0865097046 -1.0868864655 1.8715775013 -0.2496135235 1026679808.0000000000 
32.6445770264 85.3383026123 73.1360702515 1.3584148884 -1.2303248644 -1.9720151629 492436256.0000000000 
99.1489486694 20.2618923187 71.3215026855 -0.9005637169 -0.7706457376 -1.1335365772 531591168.0000000000 
26.9081707001 48.5875625610 43.9235725403 -1.6064165533 -1.9857400768 -0.8658860922 1969448448.0000000000 
18.8219184875 7.9833202362 38.0434608459 0.5210587978 -0.2448869944 -1.5948011875 2146357760.0000000000 
40.6672668457 53.8896331787 26.9215011597 0.9324736595 -0.4308825731 -1.9976969808 1431805312.0000000000 
58.4698143005 0.7571964264 76.9696655273 0.3047504425 -1.1592364311 -0.0683531761 2127616640.0000000000 
51.7529411316 69.9527587891 6.3683142662 1.1464445591 -1.2583873272 0.0116753578 2212517632.0000000000 
18.8968143463 78.6447372437 67.2786407471 -0.4912506342 1.4651222229 -1.7871159166 18630168.0000000000 
30.5058803558 15.4520721436 86.5995178223 0.8469257355 0.7736682892 -1.4591593146 1112124800.0000000000 
8.5696411133 13.5785942078 1.7572041750 0.6815781593 -1.4265684485 1.1490747929 616455424.0000000000 
35.3548812866 27.0180377960 9.7628850937 1.4843130112 1.8788318634 -1.3547520638 1644223488.0000000000 
15.5111103058 66.4230804443 54.2696418762 -0.6236829758 -0.1972873211 -1.1380686164 1803166592.0000000000 
31.6958694458 26.8703880310 72.8718719482 0.4880700111 -0.3071016073 0.3788554668 834372416.0000000000 
11.6641645432 72.9924011230 77.8598861694 -1.1906477213 1.4628398418 1.1846835613 2181831680.0000000000 
0.9067841768 58.3439598083 11.9314813614 -0.5495334864 1.4144799709 -1.1322253942 584237120.0000000000 
82.3327865601 37.8255653381 89.1384277344 1.9137561321 -1.8300540447 -0.2636773586 806295680.0000000000 
49.3164672852 64.9563522339 4.3784875870 1.2404935360 1.6730694771 1.0900142193 1080352128.0000000000 
34.1491966248 36.7217407227 76.5889816284 -0.1674654484 -1.6114343703 0.1779546738 1651179136.0000000000 
96.2851333618 34.0659561157 53.3204307556 1.8876767159 1.6963965893 0.6100766659 836339584.0000000000 
77.7719116211 86.9462814331 56.8230705261 0.4041881561 -1.0091261864 -0.1615402699 1448715008.0000000000 
29.0204944611 89.3695602417 90.2004318237 1.1334784031 0.1730365753 1.7831566334 1483732480.0000000000 
46.1526527405 71.8292694092 2.5633823872 1.2120740414 -1.6579595804 1.1660945415 652880320.0000000000 
18.2651519775 33.6012306213 92.1623840332 -1.4179884791 0.7066874504 -0.1806874275 293555200.0000000000 
60.0771026611 10.7347297668 45.1957893372 -0.4860395193 1.9072403908 -1.9192456454 2448842752.0000000000 
22.4528541565 47.9803543091 55.9023208618 0.0589339733 -0.5060034990 -0.1558901072 745257728.0000000000 
91.6758270264 40.6816635132 89.1596069336 -0.4868608713 -1.4995626211 1.6689195633 453258208.0000000000 
21.0619449615 70.8753509521 44.2455406189 -0.4269161224 -1.8209367394 -0.5436830521 1346934528.0000000000 
72.1437683105 81.8907394409 65.6195907593 -0.7111651897 1.7050187588 -1.5673847497 1751747072.0000000000 
90.3064804077 12.8342409134 68.0235977173 -1.4896267653 0.4325838089 -1.0429633260 1605816960.0000000000 
98.1645050049 70.0286636353 94.0429840088 1.5936133862 -1.5715869665 1.3281037807 691720320.0000000000 
23.2212600708 74.9255752563 45.7991409302 -0.2286717892 -0.1679627895 1.6017873287 2090257536.0000000000 
50.2775115967 26.4526042938 37.4876861572 -1.1031487584 -1.6662663221 -1.8757089451 1366053760.0000000000 
0.9688092470 13.9226570129 24.7120361328 1.6510114670 -0.9297240973 1.7094254494 100865400.0000000000 
87.5714874268 16.6615524292 68.2672958374 1.4294400215 1.4676086903 0.4924113750 1889408256.0000000000 
97.4005432129 45.5128746033 3.2451446056 -1.1751279831 -1.1824617982 -0.0382286310 1622625152.0000000000 
66.2393875122 39.0889663696 48.5153083801 -1.3393239975 0.6216628551 1.4401197433 973454464.0000000000 
73.8849182129 89.1102676392 93.5803375244 0.9941489697 -1.8786829412 -1.2683052421 1653225216.0000000000 
29.7898235321 11.0280046463 70.1636276245 -1.3055473566 -0.8924177885 -0.4627631903 77432840.0000000000 
14.3797712326 0.7412021160 78.6736450195 -1.5287875533 -0.1498368979 1.2767515182 810052800.0000000000 
66.6925277710 30.9630756378 97.3071136475 -0.6827231646 0.8020818233 -0.1671029329 1236220544.0000000000 
35.5936126709 31.8254165649 88.3870010376 -1.6208588481 -1.1625725031 1.2786934376 2108306304.0000000000 
23.9686126709 0.2597033083 50.4612617493 0.1503374577 -1.5484916866 -1.1750046015 1777993856.0000000000 
38.9772644043 59.0558052063 74.2170715332 0.1342813969 0.3918802738 0.1156284809 1628433664.0000000000 
6.0510845184 34.8095016479 97.5394592285 0.9097447395 0.6309032440 1.7938630581 141888448.0000000000 
35.8246231079 40.6690025330 55.1243591309 0.8567295074 0.8997766972 -0.2595456839 2022419072.0000000000 
93.4301071167 25.4786930084 65.2290191650 -1.3040512204 -0.9704641104 -1.3723888397 1778928896.0000000000 
37.0261039734 36.3151626587 42.2769088745 1.0401346684 1.8148386478 -1.3402408957 734010112.0000000000 
55.1679725647 69.3846893311 94.4977493286 0.4487624168 -1.8322322518 1.6814882755 849066880.0000000000 
69.9667739868 86.8837814331 39.6382141113 -1.7683441937 -0.8978885412 1.7905027866 1930240896.0000000000 
0.0472070649 38.2739295959 58.1063995361 1.7390925884 0.5501048565 -1.0665833354 271900864.0000000000 
89.4910202026 39.0256958008 82.0331954956 -0.9393150806 1.0136342049 -1.0275958776 63012292.0000000000 
70.7118301392 40.8040809631 31.8808937073 -0.9648079872 -1.5924491286 -0.9448542595 2177471488.0000000000 
14.3829660416 18.4158535004 21.0615348816 1.3739895821 -1.7880144715 0.4279899597 2253528320.0000000000 
32.8524246216 55.4623184204 67.3507614136 -0.6840146780 1.7494499683 -0.9817134142 659423616.0000000000 
57.4888763428 48.7925796509 37.2529792786 -0.1208041906 1.5127310753 -1.2285531163 1837425536.0000000000 
63.1591339111 43.5962753296 76.0175094604 -0.6451616287 1.3760142326 -1.6840637922 1493768960.0000000000 
94.5891265869 34.2770500183 46.8496170044 -1.6411162019 0.1077160835 0.7164461613 2333046016.0000000000 
57.9925422668 28.6109027863 83.4629669189 1.6337985992 1.3629288673 0.0325493813 593614976.0000000000 
77.8094787598 76.2708969116 50.1215438843 -0.5880658627 -0.9974608421 1.4949810505 2056956160.0000000000 
12.8817529678 6.6606969833 55.7752685547 1.0416355133 0.0102789402 -0.7282890081 247796096.0000000000 
34.6573295593 39.6911811829 69.6625976562 -0.8301416636 0.9587292671 -1.3395110965 955463808.0000000000 
26.6611328125 84.4233779907 31.5403881073 1.3861470222 -1.4786288738 -1.3998658061 1887465984.0000000000 
97.1075057983 65.8170852661 99.2432403564 0.9966793060 -0.3164806366 -0.0254086256 255383312.0000000000 
67.1514663696 36.7393112183 92.4935836792 1.2013287544 -0.2639997005 -0.0692461729 1401852544.0000000000 
93.6569824219 80.0616226196 65.9859466553 -0.8674275875 -1.2098879218 -0.5740579367 1439019136.0000000000 
93.7210311890 52.1607704163 95.7793273926 -1.1847132444 -0.5366340876 -0.9072116613 125896104.0000000000 
49.6184272766 42.3230628967 80.5344848633 -0.1309628487 -1.6743939817 1.1911091805 541072768.0000000000 
50.2281379700 29.1425113678 31.8582420349 -1.3048160076 0.6352729797 -1.0259271264 2435320320.0000000000 
9.2818307877 72.6206665039 53.4869194031 -1.8824475855 0.1072914600 -1.2210854292 781328000.0000000000 
72.4350891113 55.1214141846 88.8138885498 0.6462450027 -1.7087125480 1.3837285042 2163457280.0000000000 
43.8663330078 11.9129180908 91.5741348267 1.7393903732 0.1694393158 0.8843448162 1005267264.0000000000 
62.3761291504 51.8863487244 61.8535995483 -1.4958292842 1.2411544323 1.7484738827 749596672.0000000000 
46.9106826782 18.0636653900 27.3966827393 0.2477004528 1.6273732185 1.2353439331 1478283136.0000000000 
43.3666191101 0.3564639390 90.3844451904 -1.3679316640 0.2191152573 1.1679332256 2048945920.0000000000 
62.7600669861 63.7915420532 68.4961242676 -1.7349440157 1.0281784534 0.4028103352 2779009.5000000000 
29.9404411316 32.1788825989 40.3218498230 1.6926629543 1.3626091480 -1.9129818678 123021008.0000000000 
65.0940856934 95.8872985840 34.9047050476 -1.5198089778 -1.4419614673 0.4920556545 1704932352.0000000000 
4.6352958679 43.1849899292 27.3286132812 -0.0799233913 -0.2583419085 -1.2914776802 1595090688.0000000000 
99.0193328857 96.9113922119 45.7614555359 0.4711759090 0.4281172752 -1.4296967983 1710144896.0000000000 
36.4073944092 74.3278350830 68.5169601440 0.6539134979 -1.7397311032 -1.6464477181 1466610176.0000000000 
90.5719528198 11.0142602921 63.5852470398 0.2266418934 -1.7239376903 1.9395983219 1691770496.0000000000 
20.8525218964 60.7913436890 35.8681106567 -0.9804873466 -1.8409467191 0.5278689861 1837243264.0000000000 
47.5177841187 80.9097824097 37.2933578491 -0.1385153532 1.1128468513 1.3221924305 207912768.0000000000 
38.5241012573 97.3123931885 76.7223052979 0.9972598553 0.8656094074 -0.1904295683 1031983360.0000000000 
78.1469573975 54.0780677795 99.9437408447 0.7487564087 0.6036932468 0.5411596298 609623872.0000000000 
71.9938888550 62.0189437866 92.0557708740 1.7138564587 -1.0875884891 -0.8830446005 458355616.0000000000 
26.7866191864 91.1206054688 91.8239593506 0.9721760750 0.8812155724 -0.8353074789 521037984.0000000000 
49.8515625000 12.1721248627 29.1580314636 1.5350265503 -1.6206192374 -1.7647865117 1582679168.0000000000 
81.1247558594 51.1196022034 4.5864958763 0.3708684444 -1.7920932770 -1.8187905401 699765504.0000000000 
70.2900009155 68.0592269897 52.3755722046 -0.3086446524 -0.7968732119 -0.2227458954 878257280.0000000000 
52.8884582520 72.3552322388 53.4645195007 1.1870031357 0.5390338898 -0.1884609461 1349487104.0000000000 
35.5062370300 74.4057922363 74.8209991455 1.4143118858 1.4631166458 -1.8408386260 1843336704.0000000000 
96.0624313354 9.8593711853 37.0406265259 1.0874874592 0.4391589165 -0.3349150419 911472384.0000000000 
66.1766433716 46.1573600769 64.4495162964 -0.5413345098 -1.4313365817 -1.3269963264 1968763008.0000000000 
44.2947578430 61.2564430237 13.8808145523 1.8873286247 -0.6555328369 0.6938133240 1921457408.0000000000 
97.0875244141 12.6338081360 30.8377780914 -0.6962494850 1.4815838337 -1.7736487985 448789024.0000000000 
73.6175155640 9.6378135681 91.6850280762 0.7871978283 -1.2201125622 -0.8509738445 1171678208.0000000000 
80.4761581421 70.3527755737 83.3260269165 -0.1338882446 -1.3395945430 -0.0889784098 2077985664.0000000000 
30.7267227173 64.6006317139 61.8699493408 1.0008590221 -0.9657169580 1.0300307274 1805117312.0000000000 
59.4687538147 43.0960998535 49.0629844666 0.2622513771 0.2291963100 1.1960303783 2228751104.0000000000 
42.7695045471 85.5595397949 7.1016073227 -1.3445194364 1.8078942299 1.9514653683 2151673856.0000000000 
14.6945419312 27.5122871399 32.9340858459 1.8068277836 1.9146025181 -1.3495955467 1045587264.0000000000 
14.3751993179 64.0356521606 24.9429225922 -0.1959232092 -0.8545486927 1.4725148678 503084960.0000000000 
54.4933547974 62.5636405945 92.3280868530 -1.4415154457 -1.7736105174 -0.3443570137 1762960000.0000000000 
61.3896446228 21.2918338776 59.6684379578 -1.8336341679 -1.7259449959 0.6708018780 513653984.0000000000 
2.0487303734 65.5566787720 6.6131167412 -1.3302691579 1.7227587700 -0.4181119204 297849216.0000000000 
90.9340286255 55.8073158264 53.7374610901 -1.7876307666 -1.2062813044 1.1472153664 1260278784.0000000000 
48.4792518616 65.4932556152 70.5345535278 -1.8810956180 -0.8777240515 0.5145053864 423368064.0000000000 
33.7166328430 4.2537112236 87.4531173706 1.8042511940 -0.9781781435 -0.1151375771 2481635584.0000000000 
32.3969230652 13.8916091919 19.8115825653 -0.6221739054 1.1779317856 -0.9430119991 1279723008.0000000000 
72.5172576904 65.9719085693 63.1028900146 0.5380516052 -1.1288313270 -1.3263859153 1719013120.0000000000 
41.6221809387 95.5207366943 19.1716747284 1.6040573120 0.4405596256 1.5882489681 2326851072.0000000000 
89.0708923340 52.5688591003 10.0087671280 -1.0884990096 0.2729029655 1.8984754086 447345088.0000000000 
82.3681182861 44.5834465027 17.1592273712 -1.4093984962 0.3390021324 -0.5211676359 1230267264.0000000000 
37.9233474731 63.3955078125 0.3996112347 -1.5823756754 -0.8253035545 0.5401000977 1847297536.0000000000 
51.1466255188 80.3428497314 42.6524238586 1.7107524872 1.0345435143 0.4729640484 2071756160.0000000000 
36.8775863647 51.5303192139 75.9442901611 -0.9620610476 -1.8360327184 1.4381222725 1218400000.0000000000 
60.9217529297 83.4149398804 66.6298065186 -0.2684051991 -0.8800644875 1.3515610695 1451372800.0000000000 
86.4734497070 20.7598381042 7.2655982971 -1.0241283178 1.3662137985 -1.6933916211 870935040.0000000000 
13.5227575302 71.1677169800 8.7293004990 0.5867753029 0.0604226589 0.0552690029 1435954816.0000000000 
27.3741550446 13.2058229446 40.3084411621 0.5700695515 0.5894458294 -1.3498907089 2255005440.0000000000 
68.8353271484 2.2057878971 38.9362144470 -0.8097168207 1.4248292446 -1.7773594260 1826173824.0000000000 
13.6191186905 89.3550491333 31.1018619537 -1.9962974526 -1.5954047441 -0.4653016329 612233856.0000000000 
94.2702331543 46.0326690674 59.3267555237 -1.6882805824 -1.3119847775 0.7222421169 1811559168.0000000000 
68.7109451294 19.4377803802 29.9005661011 1.8434040546 -0.6942558289 0.8083603382 1508420992.0000000000 
97.3797531128 86.4617385864 50.5370483398 0.6486029625 1.5467011929 1.5789306164 2399303936.0000000000 
74.2882614136 95.0392761230 69.0191116333 1.5162951946 1.3757729530 -1.9951613117 2199998464.0000000000 
94.5092010498 38.4884262085 12.4892978668 1.5511772633 1.3808438778 0.8726420403 2414310400.0000000000 
1.7214745283 39.8721084595 69.0347824097 0.8172967434 0.3723955154 1.9574141502 1662937984.0000000000 
91.9534912109 69.1443634033 26.8543605804 1.5733294487 0.2242441177 1.0956563950 1388707712.0000000000 
44.2736320496 66.8646774292 51.5204658508 -1.2575243115 0.4761581421 -1.1784170270 161731760.0000000000 
46.2982788086 20.6605396271 94.4692153931 -0.3677008152 0.3659586906 -1.7216595709 739672768.0000000000 
43.6700630188 78.7745666504 26.1593284607 -0.1843385696 -1.2541331649 1.8077645302 395598880.0000000000 
77.9565582275 94.1294708252 82.3414764404 0.7964019775 0.5309531689 -1.6321665049 1481082112.0000000000 
18.8799343109 86.5872497559 14.7916002274 0.5261428356 0.1380770206 0.6524827480 2042886528.0000000000 
15.3558807373 86.8516464233 88.1847305298 0.4661662579 -1.6995126605 1.3061578274 61540976.0000000000 
66.6611480713 89.6124572754 32.0485496521 -1.5867514908 0.7354807854 0.3283152580 1393068672.0000000000 
87.0336914062 53.4019927979 71.5467071533 0.5996100903 -0.0987415314 0.1555273533 872507456.0000000000 
10.8052940369 63.0840187073 94.1435852051 -0.8125908375 -0.0131492615 -1.6425924599 2320969984.0000000000 
3.1231939793 75.2472610474 74.5542602539 -1.2608370185 0.4839558601 0.5095596313 2003330944.0000000000 
69.6110839844 45.3929328918 82.5948715210 -0.5491106510 -0.5997844934 -1.4142630696 1165086208.0000000000 
3.3924057484 72.8513031006 2.3261952400 1.6170437336 -0.9498682022 0.9549160004 1385408640.0000000000 
73.7847595215 27.7610836029 90.3166503906 1.3836021423 1.6338040829 1.3784093857 356881984.0000000000 
40.5163688660 93.3954162598 7.1140775681 -0.2544174194 0.7457070351 1.2667334080 1552965888.0000000000 
30.7415752411 44.4073219299 42.2518730164 -1.9858936183 1.5920102596 -1.0061301589 915622336.0000000000 
24.8056411743 39.4901695251 83.2283401489 -0.8720780611 -1.5063411891 1.4221813679 465603584.0000000000 
38.5947647095 59.4274330139 74.0404891968 -1.5048190653 1.4875407219 0.5742852688 2424239360.0000000000 
78.0336227417 48.8173675537 11.2448539734 -1.2580003738 -0.3114885092 -1.2656427622 1554738816.0000000000 
10.8554630280 0.0272655860 24.3081951141 -0.3361183405 -0.2226164341 0.6624026299 1048742464.0000000000 
34.2348442078 91.4068069458 78.5745925903 0.3616194725 -0.7641206980 0.4721171856 2180963328.0000000000 
43.2384529114 47.3574676514 5.8626751900 1.2733287811 -1.7286038995 1.1961264610 2355318528.0000000000 
93.9734191895 44.2602958679 91.1823120117 0.8802816868 1.7231063843 -1.9029132053 2263925760.0000000000 
35.2904510498 20.7861003876 52.7465896606 -0.1541634798 -1.1674653292 1.0821912289 2193573888.0000000000 
65.2479553223 43.6148490906 29.6926536560 1.9793119431 -0.5991334915 -1.6693102121 1463081984.0000000000 
65.9186401367 70.0701751709 45.7618103027 -1.6337161958 -1.3028942347 0.0649795532 2274757888.0000000000 
24.2125473022 31.5276527405 85.2030487061 -1.2725612521 1.0315179825 1.0554149151 2254825216.0000000000 
68.8656158447 78.8125381470 80.7500457764 -1.8337575793 1.9839456081 -0.6601349115 1257549312.0000000000 
20.4120082855 10.5514097214 38.0449218750 1.4263985157 0.1666502953 0.7095031738 2128569088.0000000000 
89.1879196167 76.0048217773 43.6660423279 0.2042624950 -0.1570000648 1.5771141052 1606591488.0000000000 
63.5026473999 41.0523452759 55.2539710999 1.5086076260 0.9031999111 -0.3817189932 147528992.0000000000 
48.3679428101 16.8423957825 96.0941696167 -1.3106576800 1.8261973858 1.0737683773 534740448.0000000000 
95.2535781860 10.3408384323 71.6915893555 -1.3733766079 -1.1643100977 -1.6105393767 33138684.0000000000 
75.0585098267 77.4740905762 86.4683074951 0.5698571205 0.1391565800 -0.7946259975 483824672.0000000000 
99.5539093018 19.5622043610 83.6166458130 0.5222623348 0.4245820045 -0.4451754093 1269293696.0000000000 
33.1945419312 79.3276443481 56.6729049683 1.2624995708 1.8468015194 0.1106829643 2469901056.0000000000 
91.8249740601 29.6112861633 20.1856651306 1.4831418991 -0.4019149542 1.6750900745 68603304.0000000000 
60.8443756104 1.6137702465 4.0696797371 -0.5638848543 1.1635143757 1.6215195656 3732608.2500000000 
32.5667762756 20.6723365784 19.5022926331 -0.7151725292 -0.3906184435 -1.8752425164 2379431168.0000000000 
0.8490874171 41.9895515442 45.9489898682 -0.6382547617 -1.1473122239 -1.8951240852 390152960.0000000000 
17.4872303009 55.3889770508 14.4021644592 -1.6275119185 1.4000103474 -0.6164869070 2409768704.0000000000 
24.9523868561 26.4650821686 99.1348800659 1.4318704605 -0.8768458366 -1.8718175292 542490944.0000000000 
7.1667156219 93.7425460815 21.8489437103 -0.4106603861 -1.4234045744 -0.3459506035 1796354560.0000000000 
54.6494255066 44.4701728821 67.0314254761 0.2199404240 1.4583890438 -1.4807834029 2238553600.0000000000 
7.7769203186 15.6023130417 5.1482620239 -0.9894340038 0.8396515846 -1.2179829478 864408832.0000000000 
55.9915466309 54.1382560730 30.9671039581 1.2377574444 1.2241334915 -0.7959206104 1668517248.0000000000 
8.6821918488 33.3065490723 88.4403381348 -1.3660436869 -0.9180361032 -1.5884289443 1389559936.0000000000 
41.4639816284 51.6405105591 27.4365787506 1.8445363045 1.8444273472 1.7787201405 1290297984.0000000000 
82.5704116821 7.4484176636 41.1540641785 1.6138932705 -1.0779707432 -0.1479070187 390287040.0000000000 
94.0420227051 65.8527526855 50.1878318787 0.0013425350 -1.2003597617 1.2461974621 774437504.0000000000 
0.5943435431 11.2569236755 97.7182006836 -1.6289386153 -0.2174611092 1.4463410378 628136000.0000000000 
71.6125640869 96.4478073120 80.7078399658 -1.4769380093 -0.0764672756 -1.6742232144 229748896.0000000000 
44.1990013123 2.6124222279 60.8018760681 -0.9292235374 -1.5975663960 -1.9217624664 427918560.0000000000 
33.1115722656 48.2582626343 32.7282257080 -0.9138563871 -1.4355594516 1.3166422844 1929678976.0000000000 
34.1020202637 64.0709915161 8.1646556854 -0.6121454239 1.0131168365 -1.7646859586 1099322496.0000000000 
19.8913917542 92.0413818359 69.0983428955 1.6601583958 1.5395672321 -0.0077527761 114512720.0000000000 
36.5774993896 57.9505996704 13.7704658508 1.2310600281 0.4225208759 0.9828937054 188647824.0000000000 
70.6238632202 76.5282821655 24.6626548767 -1.8505826294 -1.0085383058 0.2956352234 772225536.0000000000 
38.8975563049 40.3069381714 8.0761795044 0.9199829102 -1.8248826563 -1.3503665924 192398448.0000000000 
79.7058486938 22.1236858368 51.6688346863 1.9838898182 -1.4333974123 -1.1693129539 2277530112.0000000000 
2.6542484760 70.5733566284 95.6817169189 -0.4307301044 -0.8590416908 -1.6219128072 500206272.0000000000 
89.0869827271 84.0245208740 27.5541629791 0.3884336948 0.4221119881 0.0886726379 1586156928.0000000000 
85.3393402100 9.6076974869 94.3352966309 -1.0305241346 -0.0034146309 -1.9035408199 2430911744.0000000000 
54.2925643921 18.6523151398 4.9324092865 -0.6400630474 -0.3689600229 0.2640497684 839891712.0000000000 
54.9410629272 77.3684234619 24.6968746185 0.3038125038 -0.0823289156 -1.1848564744 2420676608.0000000000 
76.4657287598 29.8307685852 16.8353137970 0.6221084595 -1.4457884431 -0.2244209051 631588928.0000000000 
74.4080886841 96.6062927246 88.7098388672 0.3898971081 -1.7514402866 1.3218054771 2099608192.0000000000 
56.1286277771 85.4566192627 81.2208023071 -1.5831521749 -1.8356428295 1.4461283684 1110490496.0000000000 
44.8849296570 42.7544517517 78.0152893066 1.9930398464 -1.1950851083 -1.8915135786 1435532672.0000000000 
68.0646514893 23.0907478333 54.2483749390 -0.2187846899 0.1168606281 0.8433475494 252077456.0000000000 
66.7768096924 15.4731636047 35.3466567993 -0.3526042700 -1.5168216527 -1.0377404094 23308078.0000000000 
18.2934532166 7.1016254425 84.9166488647 0.9768831730 1.7023296356 0.6454977989 2121081984.0000000000 
96.6671676636 52.2906532288 29.2628936768 -0.3379160166 1.8018040657 -1.7088727951 1034452416.0000000000 
15.1679773331 9.9903411865 98.7994079590 1.3293049335 -0.6767563820 0.1219110489 694075200.0000000000 
86.0026092529 24.1314640045 37.8461074829 0.1111764908 -0.4158148766 0.9277105331 2349107712.0000000000 
51.6840858459 97.2492523193 94.8966293335 0.7991015911 -1.8259648383 1.1925311089 1109990528.0000000000 
96.9091186523 45.9507255554 29.2428932190 1.7430515289 1.9296550751 0.3402314186 878209600.0000000000 
93.2864837646 65.7839660645 76.5064773560 -1.6618215740 1.0309722424 1.0122354031 2292177152.0000000000 
8.8553991318 28.3536605835 19.4500961304 1.7943203449 0.0994050503 0.2918481827 1190935552.0000000000 
92.0897521973 30.4889678955 41.6017265320 -0.2490463257 -0.8904711008 -0.5400656462 343784480.0000000000 
32.0891036987 16.3116378784 58.1509933472 -0.8400712013 0.4904944897 1.4957556725 564362688.0000000000 
60.5037460327 45.8996772766 57.7028923035 0.1516089439 -1.5326542556 -0.6316250563 1556117120.0000000000 
87.4579544067 9.5152587891 53.9317741394 1.8525340557 -0.4852432013 0.9352748394 2279283968.0000000000 
90.3540496826 30.6780757904 38.8087768555 1.2977521420 0.4466817379 1.2164201736 655441088.0000000000 
88.9052658081 16.9088630676 39.9690208435 -1.1602252722 -0.6711800098 1.9248006344 1249814656.0000000000 
95.4828643799 85.5139083862 72.5670928955 0.2394642830 -0.7434567213 -0.7892004251 244420784.0000000000 
43.0972290039 64.4793624878 72.0215225220 -0.7777928114 0.9597847462 -0.9618684053 671713280.0000000000 
11.8635416031 99.3351593018 18.0398883820 -1.9112964347 -0.7994706631 0.2739465237 2116534656.0000000000 
91.1802749634 37.2591705322 10.8790340424 1.2034218311 0.1667213440 0.0339221954 26997798.0000000000 
87.3885345459 48.9680709839 51.0725021362 1.3148558140 -0.6207208633 -1.0544161797 971450048.0000000000 
65.8955612183 53.9095802307 48.6348342896 -1.6402884722 -1.2644421458 -1.1737459898 988699200.0000000000 
92.3835678101 46.6096420288 66.4164962769 -1.8301156759 -0.1622079611 1.3782553673 161617440.0000000000 
75.9580307007 41.3050537109 91.1260910034 0.6855323315 1.1425688267 -1.9197951108 1180596352.0000000000 
32.7322578430 52.8531799316 48.3037643433 -1.1951684356 -1.9271500483 1.9750506878 74804640.0000000000 
36.3032264709 23.0158634186 41.8501892090 -1.9120484442 1.0770177841 1.6194007397 279789440.0000000000 
95.3143920898 11.1413707733 50.7395439148 1.5079183578 0.3100404739 -1.3137582541 2298626816.0000000000 
3.6958110332 1.6124311686 98.4097671509 1.1861536503 -0.2833006382 1.5814342499 1169803904.0000000000 
21.4817066193 91.5409774780 94.0160064697 0.1685585976 -0.2242338657 -0.3072090149 1858368768.0000000000 
46.2154045105 41.6960411072 77.3269348145 1.3007452488 0.5884761810 -1.2329149842 2117935360.0000000000 
41.6373519897 9.6621465683 95.9089965820 -0.5219302177 -1.1678593159 -0.1340583563 616242688.0000000000 
78.5545272827 63.8045845032 16.5947742462 1.2900135517 0.6166806221 -1.3998183012 1547604608.0000000000 
8.3345012665 4.5403966904 8.6963376999 -0.8073517084 1.8432550430 -1.8915061429 2100754176.0000000000 
40.4755287170 45.0321197510 58.3649215698 1.4676373005 1.4691264629 -0.5723255873 1730239104.0000000000 
51.4400672913 54.8689842224 53.9269790649 1.7230966091 0.5812454224 -0.0065609217 750729088.0000000000 
85.3346557617 96.4845199585 54.6788711548 0.5555672646 0.4115641117 0.8509457111 1153487872.0000000000 
25.7061214447 86.2781906128 8.0437021255 -0.6383750439 1.6327433586 -1.3303984404 1596420736.0000000000 
86.8999633789 19.4523849487 47.8870010376 -0.9049805403 0.5793802738 -1.7499230206 351660448.0000000000 
51.2126693726 41.9437866211 83.2759780884 -1.8938905895 1.8725109100 -0.5118815899 2393253632.0000000000 
61.3439102173 87.0389404297 25.7593154907 -0.1328576803 1.3409383297 1.2175273895 264193392.0000000000 
43.8125610352 51.7118263245 56.7072525024 0.7807474136 -0.4803993702 0.5900382996 88982664.0000000000 
28.8085975647 81.4909973145 67.4161376953 -1.3716577888 -1.9622647464 -1.3878744841 1077101056.0000000000 
65.4278869629 21.5550632477 57.1504592896 -1.3343777061 0.5399539471 -0.3829424381 482332320.0000000000 
60.3116226196 77.6294021606 15.0234441757 -1.1337788701 0.5867333412 -0.3686895370 1708352128.0000000000 
48.1917915344 21.2209453583 78.9018249512 1.6801741123 0.9173109531 -0.5756369829 1538075904.0000000000 
10.9227867126 0.3600308299 65.0823440552 -0.4107446671 1.2740409374 -0.7000607252 1385998464.0000000000 
82.7944107056 47.8016204834 98.5239791870 -0.0711082220 0.7742674351 0.2269775867 1621571328.0000000000 
32.8555297852 96.1008758545 84.1561431885 1.7266862392 0.9492111206 1.9671835899 370567072.0000000000 
38.3986129761 39.9623527527 83.1567611694 1.4636161327 0.4473319054 0.4823434353 1964868864.0000000000 
34.1160697937 97.6676635742 40.1177978516 -0.1984457970 1.9211077690 -1.7919943780 2119255936.0000000000 
79.8787231445 37.6986236572 40.2101783752 0.5069251060 1.4200096130 -0.4506335258 272385600.0000000000 
54.8569259644 94.4085998535 75.7582778931 1.5084981918 1.6203789711 0.3965768814 2021990272.0000000000 
64.2397537231 59.0940170288 95.7022933960 -1.8944654465 1.9622547626 1.1543624401 2230719232.0000000000 
60.2396621704 40.9176483154 67.8235244751 1.7742292881 -0.4565874338 -1.6823471189 984864704.0000000000 
36.6130065918 13.1414623260 24.1648273468 -1.3403308988 0.0336034298 0.5750002861 1979121408.0000000000 
36.3403244019 3.1091678143 90.0602798462 1.6478900909 1.9007105827 0.6327424049 1972742656.0000000000 
88.0272445679 25.7329826355 59.7893180847 0.0906798840 1.3930799961 0.2196645737 1372633984.0000000000 
83.8833618164 34.3506736755 44.1341285706 -0.2350789309 1.0107328892 -1.5216938257 961968960.0000000000 
13.8536367416 19.8989772797 77.8733520508 0.0186657906 -0.6783823967 -1.9184730276 1673959296.0000000000 
83.8805236816 66.4131851196 46.1232261658 -1.1911659241 0.7808940411 -0.5526596308 285452576.0000000000 
67.0401153564 2.0020668507 90.3278121948 0.2026944160 -0.8905980587 0.0046854019 183358944.0000000000 
12.5620450974 5.6087470055 62.2397193909 1.8578164577 -0.4016231298 -1.7450461388 1014210944.0000000000 
15.2277450562 18.3315010071 79.0471954346 -0.8367446661 -0.4707808495 0.2768218517 1988700672.0000000000 
71.2709197998 58.9587135315 46.5063972473 0.2060575485 -0.9851239920 1.7051851749 1884307328.0000000000 
94.8942489624 28.8131389618 86.7903976440 0.4773745537 -0.7673918009 1.0847282410 425043136.0000000000 
58.5502510071 27.2353401184 24.3360824585 0.8444919586 -0.6862365007 1.4630320072 1688942720.0000000000 
72.8035125732 92.9496459961 8.1261463165 1.5212502480 -1.5487540364 1.4869337082 427815936.0000000000 
49.5116271973 44.0938873291 96.6606674194 -1.1686982512 -1.8778958023 -0.2733174562 1898349696.0000000000 
28.4245052338 35.7966918945 51.3062782288 -1.0672498941 0.5843932629 -0.4761331081 2131328000.0000000000 
95.4250335693 15.2148809433 2.2548446655 0.1590116024 -0.3019911051 -0.9363628626 627189696.0000000000 
75.2943115234 13.1667299271 92.6453018188 -0.0760871172 -1.7553448677 -1.9691422470 903226944.0000000000 
17.3975276947 87.9447860718 53.2417182922 0.6763660908 -0.7184530497 -0.0039047003 2192292608.0000000000 
35.0912780762 93.0694427490 63.6256828308 0.5406312943 -0.8453543186 -1.4027215838 2170863360.0000000000 
93.4759750366 53.0286331177 72.0876541138 1.5560402870 0.7297406197 0.9737000465 1071907456.0000000000 
10.6937379837 0.9334282875 67.9638824463 1.4395220280 -1.4359936714 0.4243674278 852146816.0000000000 
20.2165374756 61.3806228638 70.2149505615 -0.4954373837 -0.0269833803 -1.0617332458 113080464.0000000000 
81.3640899658 73.3590545654 92.2149200439 -1.3417853117 0.6571400166 0.2336239815 1999278848.0000000000 
95.2946395874 70.7725601196 66.8056869507 1.5508246422 -1.0479522347 -0.4442662001 1941790592.0000000000 
92.0447082520 13.2358446121 20.5479202271 -1.8904621229 -1.4332290888 1.5404722691 2218162432.0000000000 
28.2694301605 49.1209907532 22.8123703003 -0.0605612993 -1.5799353421 1.7210929394 2152500736.0000000000 
59.8270301819 16.4839916229 90.6232452393 -0.3523552418 1.5937218666 1.3135266304 1441162240.0000000000 
56.2715454102 38.6787643433 37.6176376343 0.0626473427 -1.6219469309 -1.8230669051 1008419968.0000000000 
33.2525215149 43.3166694641 18.0084228516 -0.9881107807 0.2621006966 -0.4577462673 700891904.0000000000 
70.7217864990 27.0681495667 16.7621746063 1.9596488476 1.0475654602 -0.4170181751 1186929664.0000000000 
86.6907501221 32.6018676758 33.5772171021 -0.1392885447 -0.0365656614 -1.0319813490 2192722432.0000000000 
38.9289054871 7.0386319160 45.3553924561 1.8080179691 -0.1713041067 1.3189213276 1169165952.0000000000 
55.1687240601 87.3963623047 87.1034317017 1.5368497372 -0.7714788914 -1.7955256701 342961888.0000000000 
87.2655487061 43.6682014465 41.7541542053 0.3194932938 0.8294541836 0.3406531811 1424463872.0000000000 
46.9254913330 98.0908660889 4.4557366371 -0.6553502083 -0.7722904682 -0.4786819220 2003350912.0000000000 
79.7786026001 62.2334175110 67.8429336548 -1.2516999245 0.7708821297 -1.4720668793 347698784.0000000000 
14.9894495010 96.1713562012 60.6745834351 0.8063271046 1.3427085876 -0.0888792276 1464485504.0000000000 
14.2807455063 52.8898773193 72.2978973389 -1.9381484240 1.8623232841 -1.4379180074 1488340480.0000000000 
67.2944335938 72.5683746338 16.5121726990 -1.4312030673 0.8263700008 -1.1612836123 1195904256.0000000000 
1.3519866467 59.0008621216 27.9702014923 1.2452232838 -1.1506286860 1.8325254917 2495952128.0000000000 
90.5063323975 9.0114641190 13.7460384369 -1.7801686823 -1.7926870883 0.9768249989 1891348992.0000000000 
88.7505416870 22.1986427307 34.2333793640 -1.8787486628 1.0035407543 -1.7387489676 114439328.0000000000 
71.6465988159 20.5833263397 64.1111984253 -0.4423586130 1.7260680199 1.2249348164 1329024000.0000000000 
63.8109512329 1.5912784338 0.9971261024 0.6065175533 0.4236855507 -0.8413069248 1157337984.0000000000 
81.8264236450 24.7804641724 46.1316070557 0.8933103085 -0.6483228207 0.3951058388 1945713408.0000000000 
38.9747505188 34.2982673645 53.4824981689 -0.8909883499 0.2598764896 1.5086350441 768914304.0000000000 
31.5854301453 94.2471466064 35.3341445923 -1.8707186282 -1.4067808986 1.9778137207 1054326720.0000000000 
7.9821796417 80.0687103271 95.3340225220 0.8717250824 1.2663996220 1.8532459736 923901632.0000000000 
42.2521286011 25.2984790802 83.2495880127 -1.0368578434 0.0031576157 -0.8247522116 2410282752.0000000000 
83.8708724976 89.2588348389 74.2398529053 -1.0861751437 -1.0577156544 -0.8911060095 1264272768.0000000000 
80.0540237427 15.4382257462 81.3274841309 -1.5344219208 -1.6125848889 -1.3335347772 371787168.0000000000 
24.5158557892 16.1069717407 57.0445556641 -0.7000786066 1.8470273018 0.0951433182 107279112.0000000000 
77.8356704712 48.7097320557 41.2472305298 -1.1964880824 0.9603283405 -1.0201273561 1104158720.0000000000 
24.0871524811 53.8780097961 40.5776634216 -1.6816790700 -0.2745258808 -1.4072994590 770091136.0000000000 
66.6939620972 42.5398635864 81.3745574951 -0.1300808191 0.3191235065 0.5080816746 1459685888.0000000000 
67.6634674072 79.3636703491 73.2589187622 1.6871728897 1.8188257217 -0.7878611088 616933888.0000000000 
91.6463241577 82.6820526123 28.9685192108 0.7792797089 -0.7443284988 0.8086299896 2239244800.0000000000 
5.3999977112 94.7125701904 33.7361412048 -0.8205139637 -0.0563768148 0.9725520611 936129344.0000000000 
91.7274322510 89.1313171387 68.2488174438 0.3368556499 -0.7331528664 -0.0150649548 129234304.0000000000 
89.6492691040 12.3254156113 63.5568008423 0.2925093174 1.6675634384 -0.5273710489 1237301248.0000000000 
87.1597290039 67.1192016602 74.1694107056 1.1522421837 -0.0079499483 -1.8744829297 1207201152.0000000000 
81.1930389404 73.3536758423 37.8578376770 1.4637215137 0.7226498127 0.8637590408 402004640.0000000000 
16.6568222046 45.9077835083 53.5253601074 -1.6646298766 -0.5984359980 -1.1290328503 1670141056.0000000000 
66.7102813721 71.3975524902 71.9750137329 0.2543818951 1.3489186764 -0.5787271261 341806912.0000000000 
75.4120559692 72.3475494385 63.1643295288 0.5028715134 -0.4213302135 -0.5066505671 1034446016.0000000000 
89.2679977417 40.4716606140 89.6658859253 0.8184413910 -1.4469864368 -0.8990510702 1426351872.0000000000 
81.8915863037 99.1176986694 73.1342544556 1.9419362545 -0.1989805698 -0.9336153269 173316464.0000000000 
80.0645828247 48.4337959290 73.7383041382 -0.1290054321 -1.2067459822 -0.1714671850 78360224.0000000000 
3.5543196201 81.2451400757 16.8066864014 1.1586549282 0.1437075138 1.1988406181 1038454016.0000000000 
93.0594329834 17.3047485352 82.9160003662 1.2930972576 0.3110563755 0.9032754898 1319711616.0000000000 
71.6017456055 0.1056105793 9.8425388336 0.1397333145 1.9689323902 1.3190717697 1301043456.0000000000 
44.2487945557 9.6364145279 58.9743957520 -1.0274647474 0.3228085041 -0.6914920807 1777206016.0000000000 
77.9015579224 78.4260177612 74.2226562500 1.2582352161 0.3868465424 1.6411736012 1510556544.0000000000 
13.2638540268 71.0003585815 1.9604185820 -1.7470684350 1.5322041512 1.3950567245 2216268032.0000000000 
46.0815086365 57.4583053589 41.4391860962 -1.2926695943 0.3025567532 0.0512690544 1779414656.0000000000 
56.7872276306 34.2585258484 23.2183265686 -1.9585589021 -0.2442023754 1.2877087593 633735232.0000000000 
1.9651517868 14.9054203033 96.4376602173 1.1946685314 1.7332575321 0.8264124393 1533064832.0000000000 
53.0026016235 61.6896514893 21.7448520660 0.6506583691 -0.6923999786 -1.0517892241 1814743552.0000000000 
20.9951019287 8.5816907883 61.2404632568 0.6830644608 0.6415998936 -1.8928137422 2118996864.0000000000 
23.6039161682 53.9613838196 55.9364624023 1.2156457901 1.5287964344 1.1661915779 2035679360.0000000000 
32.1148529053 61.3475151062 6.7765831947 -0.6367999315 1.0501172543 -1.8714305162 348667872.0000000000 
69.5843658447 73.8745422363 75.2693099976 -1.0965210199 -0.5774322748 1.8805663586 2221335808.0000000000 
68.2541961670 20.7194309235 61.4431800842 1.5699717999 -0.8279551268 -1.0926541686 1408147840.0000000000 
95.3411254883 25.3633022308 41.0857849121 -1.2421985865 1.1729874611 1.8808898926 2483404544.0000000000 
67.5445938110 76.1770401001 80.7633590698 1.9863779545 -0.4990179539 1.5015976429 843486208.0000000000 
13.7774839401 90.7541732788 47.6861648560 1.3344743252 0.5851488113 -1.0817810297 148720784.0000000000 
0.1929168105 19.9696369171 94.8022689819 0.7378845215 -0.3724372387 0.2498176098 1442410240.0000000000 
69.9901885986 78.9290847778 14.0223207474 0.6132524014 -1.8283044547 0.2043242455 2106908672.0000000000 
83.6170730591 52.1303520203 83.6125335693 0.0464668274 -0.8677042723 0.5750353336 1270528000.0000000000 
65.8319396973 51.9158248901 84.5605697632 1.1843771935 -0.2931998968 -0.7101308107 1574282112.0000000000 
7.2987265587 55.2022056580 68.9201202393 -1.7003342807 1.0068736076 0.5488951206 1898468864.0000000000 
15.8609094620 19.9678211212 33.6351661682 1.4340438843 1.9558763504 -0.0937005281 1279560320.0000000000 
3.1892967224 2.7655920982 35.4587554932 1.4722547531 0.1958377361 -1.2371485829 949201088.0000000000 
83.2033386230 83.4471740723 88.7891616821 -0.0385886431 -0.5854800940 0.9339890480 716117760.0000000000 
78.0329971313 5.5964570045 91.6159973145 1.4132690430 0.4319465160 0.4214444160 2320584192.0000000000 
35.9705047607 24.2584934235 68.7621231079 0.0732564926 -0.2309474945 -1.9041083381 942062784.0000000000 
43.1232223511 50.0547752380 88.8649215698 -0.1474993229 0.1128149033 -1.0270528197 827972224.0000000000 
7.7163162231 43.3949661255 71.0869293213 1.6367862225 -0.9263144732 0.3950436115 998873408.0000000000 
62.2051353455 33.2258186340 68.5996475220 -0.3904745579 -0.4471089840 0.4086258411 639246656.0000000000 
99.6209411621 20.7517585754 18.3932361603 -0.5763423443 -0.1995899677 1.4862143993 2185571328.0000000000 
89.2365646362 89.5526504517 25.1053695679 -0.7056086063 -0.4157027006 -1.4411883354 1966807552.0000000000 
92.4278030396 38.2939682007 11.7911930084 -1.9942352977 1.2675573826 1.3151249886 2276594432.0000000000 
8.5310745239 42.7542190552 31.0187110901 0.8294484615 1.0392014980 1.9847342968 274358656.0000000000 
14.8023147583 59.8340034485 36.5442085266 -1.4230698943 1.2234303951 0.1974978447 1250367360.0000000000 
25.5960102081 42.0928077698 37.4375495911 -1.4066970348 -0.7341815233 0.5017166138 1179809024.0000000000 
71.2528915405 76.5132064819 25.8646640778 0.5472278595 -1.4077128172 -0.4937657118 1595620352.0000000000 
96.4961166382 20.5339851379 54.8885879517 -1.7989123762 0.5315282345 1.4362916946 1894084992.0000000000 
39.2682418823 85.5256576538 86.7377471924 0.1628222466 -0.1856137514 -1.0687217116 1712345216.0000000000 
25.9454193115 78.2193984985 18.5085048676 0.0616571903 -1.1875115633 0.2378420830 1659350144.0000000000 
51.9576721191 18.4889717102 13.5663642883 -1.0715773106 1.8000872135 -0.4227588177 2172281600.0000000000 
9.8093614578 77.0868911743 50.7160797119 -1.7477808893 1.9048347473 -1.7758135200 283316704.0000000000 
60.9090728760 91.5119552612 87.0960617065 -1.9929073285 1.0815043449 0.9533524513 1356196864.0000000000 
22.3972663879 97.1157760620 22.7416820526 -0.0662926435 1.0134069920 -0.3499925137 2497102848.0000000000 
95.6473846436 97.1962432861 66.2581176758 -0.0957976580 -1.3725914359 1.1929793358 1770390656.0000000000 
10.6873960495 19.2555103302 57.7068939209 -1.1801297069 1.8536958694 -1.6630813181 670055872.0000000000 
93.9632644653 14.0276298523 38.1349029541 0.1948938370 -1.7784165591 -0.9907611609 1376241408.0000000000 
82.5772018433 99.0647888184 9.2975330353 -1.8010214865 1.8472223282 -0.7184313536 1332928640.0000000000 
71.5157241821 73.2894058228 53.2012596130 0.6865246296 0.8194258213 -1.2216249108 369204352.0000000000 
86.1708679199 99.2838592529 85.5838012695 1.8743302822 -1.2584252357 -0.2683722973 433875360.0000000000 
14.8817653656 51.7136573792 44.1572494507 -1.6461986303 0.6296515465 1.2916860580 1592934400.0000000000 
71.2808761597 7.5231232643 18.7670383453 0.1543228626 -1.7364836633 -0.8774172068 1470813312.0000000000 
2.7684640884 60.1037864685 12.1496820450 0.9713678360 -0.6642723083 0.6140377522 1036182720.0000000000 
3.8788397312 84.8103256226 56.2154846191 1.6019880772 1.3637671471 -0.3280285597 2172698880.0000000000 
2.6335489750 85.0899810791 4.2629742622 -1.2993873954 -0.5278544426 -0.0631910563 659008768.0000000000 
2.5449287891 30.7123756409 90.0777282715 0.9530322552 -0.4705799818 -1.6462093890 692096896.0000000000 
44.8234100342 36.9093360901 86.5164108276 -0.0963251591 1.8805248737 1.9466438293 546901632.0000000000 
30.4063167572 64.0170364380 63.3233718872 -0.6285938025 -0.0469057560 -1.2184456587 608371392.0000000000 
32.9215354919 61.3381462097 11.2428169250 -0.5777965784 -0.1428750753 -1.3797683120 1326760064.0000000000 
83.2317657471 63.9260177612 79.4307556152 1.4310677052 1.7855355740 0.7803390026 1490062464.0000000000 
32.8738899231 78.3532409668 87.2863693237 1.1078920364 -1.3894968629 0.9521112442 632229248.0000000000 
12.2757024765 72.4688796997 47.1652336121 -0.2927192450 -0.5405635834 -1.5804556608 1924179328.0000000000 
85.3132629395 30.0274677277 1.3020328283 -1.2706078291 1.6546244621 -1.4982060194 1344747264.0000000000 
37.7937355042 28.0506401062 6.8602890968 -1.1589801311 1.6790661812 1.4516415596 170054704.0000000000 
86.6150512695 55.7995185852 66.4046859741 -1.2204424143 -0.6338895559 0.1476423740 2429656064.0000000000 
49.4153366089 27.4938411713 22.4754066467 0.4676415920 1.9985086918 0.7856256962 109326520.0000000000 
36.4486274719 80.1292495728 81.3402328491 -1.1295242310 -1.5937313437 1.3056907654 999917440.0000000000 
1.5223270655 95.1871185303 93.7865829468 -0.4273575544 -1.0704895854 -1.9741249382 1508538880.0000000000 
15.2144174576 86.9379196167 67.1437454224 -1.9268213660 -0.2905026674 -0.6580628157 532960160.0000000000 
76.8901977539 87.2394866943 18.5046424866 -0.9477787018 -1.4106669426 -0.3607980013 2199914240.0000000000 
14.6960411072 10.6206912994 92.3696365356 0.0457866192 1.6299977303 0.9483947754 1822664192.0000000000 
0.9066573381 56.3521385193 12.9032611847 -1.9028406292 0.0615704060 -1.7324060500 1043626176.0000000000 
74.7770156860 7.3367252350 2.0866026878 1.5996575356 1.7709856033 0.7692139149 2295522560.0000000000 
37.0120735168 2.7787783146 13.1393070221 -1.4439092875 1.6007306576 -0.7342419624 1005195008.0000000000 
4.7515902519 72.6240005493 28.2043724060 -1.2220947146 1.3297877312 -1.1770397425 1764807552.0000000000 
73.9946289062 94.2838821411 43.4988632202 0.9960515499 0.0254406929 0.2560849190 1933256832.0000000000 
2.1752743721 63.0919761658 19.0753192902 1.0780916214 0.8171479702 -1.1535231471 1673593216.0000000000 
64.7033386230 90.3922653198 58.7646293640 -1.9313834682 1.7268419266 0.8761575222 390442016.0000000000 
83.1893157959 3.5478868484 55.8254776001 1.5176360607 1.0468754768 1.3611941338 184713360.0000000000 
59.4165802002 4.6038599014 77.9808349609 -0.6635516882 1.9555094242 -1.1408120990 207812448.0000000000 
49.5237541199 77.8818206787 85.6427764893 0.0679612160 -0.3610482216 -1.8112763762 716283008.0000000000 
11.4024925232 25.8800125122 95.5950469971 1.0442333221 -1.3491086960 0.1743872166 1945531008.0000000000 
9.4433298111 26.2636146545 93.4389266968 1.7053055763 -0.8075399399 -0.0294237137 2014338688.0000000000 
5.9833893776 33.2942581177 87.9620819092 0.6159987450 -0.4840753078 0.6377165318 2470279424.0000000000 
36.7858543396 87.4226074219 7.1236739159 1.4523842335 0.6121773720 1.7106578350 950215936.0000000000 
6.2782278061 97.4845352173 66.6599578857 -1.2927711606 -1.0654180646 0.4902002811 2344663808.0000000000 
39.6368293762 16.6146850586 71.6077957153 -0.0367935896 -0.2848680019 0.6018688679 1042820096.0000000000 
72.6898040771 14.3111286163 22.2863483429 1.1469275951 -0.0957845449 -1.5900629163 1101828992.0000000000 
85.5035095215 76.1913452148 42.8843345642 -1.1084255576 0.5445580482 0.0003204346 214974240.0000000000 
28.9183845520 42.7744522095 46.6076087952 -0.5921354294 -0.3896404505 -1.4692974687 1321933440.0000000000 
63.6235351562 75.5225677490 46.6638870239 -1.8695852607 1.6854901314 -1.2691326141 1308513280.0000000000 
35.0155525208 83.3184051514 94.0533370972 -1.6917857826 1.9051814079 -1.3464128375 2159463680.0000000000 
45.2349205017 26.5881061554 30.4517059326 -0.7704628706 -1.8888220936 0.9334416389 1325694720.0000000000 
66.3934020996 23.3440475464 61.6267547607 1.8124713898 0.6447401047 -1.6706254184 762710080.0000000000 
6.3774914742 21.5019264221 83.3857345581 0.8000411987 1.8809797764 -0.7980149984 1831534976.0000000000 
89.1617507935 48.3213081360 25.6019268036 -1.0329079628 -0.7344113588 -1.2137897015 797066368.0000000000 
29.2692508698 35.9949378967 18.2612037659 0.9801669121 0.5033216476 -0.0514836311 131065008.0000000000 
65.3624877930 22.0489463806 58.2703895569 -0.7297643423 -0.1842801571 -1.2041140795 676691968.0000000000 
11.5114965439 28.1315116882 57.5760765076 -1.2844405174 -0.0146623850 -0.3615273237 2197250304.0000000000 
46.6579360962 71.0114440918 61.1514167786 -0.5672127008 -1.2266900539 1.4701337814 1499924608.0000000000 
50.9724617004 6.4085998535 91.8796386719 1.2096686363 -0.3038585186 -1.5943663120 1368647168.0000000000 
4.9865789413 58.8537521362 59.9884872437 0.8139626980 1.2361078262 -1.2696449757 52624000.0000000000 
26.2956924438 38.1560249329 29.1726379395 -0.4877125025 0.6515014172 1.4699487686 1392404480.0000000000 
15.9209756851 27.7105331421 43.5861930847 0.5031564236 1.9488790035 -1.8104956746 2459964928.0000000000 
18.0547237396 91.4909515381 58.3955764771 0.7610874176 1.9159820080 0.0110087395 1231722496.0000000000 
40.3030853271 60.4160614014 4.0147881508 -0.1884133816 -1.2292076349 0.5601310730 390968320.0000000000 
0.1725073010 82.2621536255 17.7436923981 -0.9412720203 -1.1832729578 -0.1233466864 1606884736.0000000000 
86.7057113647 33.6650505066 19.9715652466 -1.8949325010 0.4550232887 0.5423102379 1630139904.0000000000 
60.0975570679 68.2953643799 63.6041946411 1.1260912418 0.3914525509 -1.1200091839 1179486720.0000000000 
57.6858634949 72.2749862671 96.4483642578 1.9195580482 -0.6923581362 -1.9814736452 1081965440.0000000000 
51.9608573914 64.4664382935 58.9173507690 0.0853345394 -0.1308565140 1.0664417744 1965039104.0000000000 
67.1467590332 23.5773735046 42.8769531250 0.1540989876 0.2896969318 0.5139405727 1411979008.0000000000 
18.6180076599 26.4062767029 21.6847591400 1.1486225128 1.7880656719 1.4115581512 1421696256.0000000000 
54.4879570007 7.2887210846 4.0473165512 -1.5130470395 1.1825482845 -1.9801725242 254069376.0000000000 
12.2547550201 0.9588457346 53.4413948059 0.5686244965 0.6170113087 -1.5056503713 408724352.0000000000 
12.1538658142 89.0197830200 94.9505386353 1.1720252037 -1.4961136580 -0.4869003296 828827520.0000000000 
69.8395767212 0.6760076284 89.6322631836 1.5383036137 -0.9167087078 -1.5473191142 1679328768.0000000000 
21.7839260101 96.6059722900 24.0410022736 1.0508754253 -1.8442121744 -0.8764672279 2211142656.0000000000 
83.4584045410 28.5840034485 98.6084823608 1.8285262585 -0.8182859421 0.0819950104 1498219264.0000000000 
94.9681243896 64.4086151123 76.2777481079 -1.7151201069 0.1371359825 0.8491313457 2160565760.0000000000 
66.0255584717 9.0557737350 19.5757274628 -0.5653944016 -1.6107287407 -1.6316803992 608068160.0000000000 
36.8140640259 20.5250129700 91.4958801270 0.3439195156 -1.3147605062 -1.3785246611 871746816.0000000000 
