1 * 1024 			 0.882149
2 * 1024 			 1.74359
3 * 1024 			 2.60364
4 * 1024 			 3.47338
5 * 1024 			 4.32947
6 * 1024 			 5.18913
7 * 1024 			 6.05315
8 * 1024 			 6.92216
9 * 1024 			 7.82386
10 * 1024 			 8.65323
11 * 1024 			 9.52882
12 * 1024 			 10.3718
13 * 1024 			 11.2355
14 * 1024 			 23.6238
15 * 1024 			 25.3499
16 * 1024 			 27.0975
17 * 1024 			 28.8597
18 * 1024 			 30.6049
19 * 1024 			 32.3767
20 * 1024 			 34.1159
21 * 1024 			 35.8529
22 * 1024 			 37.5419
23 * 1024 			 39.5705
24 * 1024 			 41.369
25 * 1024 			 43.1467
26 * 1024 			 44.8345
27 * 1024 			 68.2294
28 * 1024 			 70.9285
29 * 1024 			 73.4934
30 * 1024 			 76.1406
