1 * 1024 			 0.674472
2 * 1024 			 1.34539
3 * 1024 			 2.01805
4 * 1024 			 2.69487
5 * 1024 			 3.36514
6 * 1024 			 4.0307
7 * 1024 			 4.70679
8 * 1024 			 5.37352
9 * 1024 			 6.04817
10 * 1024 			 6.73367
11 * 1024 			 7.38937
12 * 1024 			 8.06139
13 * 1024 			 8.74007
14 * 1024 			 18.2681
15 * 1024 			 19.5662
16 * 1024 			 20.928
17 * 1024 			 22.4132
18 * 1024 			 23.7306
19 * 1024 			 25.1166
20 * 1024 			 26.4771
21 * 1024 			 27.8181
22 * 1024 			 29.447
23 * 1024 			 30.824
24 * 1024 			 32.1853
25 * 1024 			 33.5436
26 * 1024 			 34.93
27 * 1024 			 52.7316
28 * 1024 			 54.8141
29 * 1024 			 56.8524
30 * 1024 			 59.3807
