1 * 1024 			 0.815792
2 * 1024 			 1.61373
3 * 1024 			 2.40606
4 * 1024 			 3.21471
5 * 1024 			 4.0024
6 * 1024 			 4.79797
7 * 1024 			 5.60371
8 * 1024 			 6.39995
9 * 1024 			 7.25784
10 * 1024 			 7.99933
11 * 1024 			 8.80105
12 * 1024 			 9.5918
13 * 1024 			 10.4035
14 * 1024 			 21.8723
15 * 1024 			 23.4524
16 * 1024 			 25.1347
17 * 1024 			 26.7706
18 * 1024 			 28.2069
19 * 1024 			 30.045
20 * 1024 			 31.6136
21 * 1024 			 33.3124
22 * 1024 			 34.7625
23 * 1024 			 36.6033
24 * 1024 			 38.263
25 * 1024 			 39.965
26 * 1024 			 41.548
27 * 1024 			 63.2957
28 * 1024 			 65.6216
29 * 1024 			 68.0706
30 * 1024 			 70.521
