25.1424484253 62.7048912048 65.0973434448 -1.7311604023 -1.2692848444 0.1979651302 2367376896.0000000000 
77.0449218750 79.1627960205 45.5521125793 -1.4018464088 -1.8289760351 -1.8635561466 469103136.0000000000 
98.5220184326 51.0788688660 26.5003204346 -0.2574640512 -0.5156212449 -0.4241612256 1486408576.0000000000 
85.3471374512 20.1382980347 6.3684206009 1.4852783680 0.6204938889 0.1542039514 599017664.0000000000 
59.6650390625 65.1940078735 28.0403594971 -1.8868247271 -0.5275520086 1.4038487673 238153808.0000000000 
53.2917366028 35.6670227051 6.0602669716 -0.4195758402 -0.8633403778 0.3721277118 1363614848.0000000000 
29.2364997864 55.9049797058 63.6797943115 -0.7005798221 -1.3384740353 -1.9280673265 1909021440.0000000000 
49.6246833801 42.7220153809 34.1090698242 -0.7498638630 0.3263275921 -0.3408639729 464892864.0000000000 
31.9196777344 97.5791625977 45.2685508728 1.7028946877 0.5036178827 0.5420597196 2385198592.0000000000 
100.7072296143 56.4505462646 -3.2079925537 0.1963478029 1.5499285460 -1.6226844788 2363511808.0000000000 
16.9569034576 64.4367446899 43.5264739990 0.0020348821 -0.7432287335 -1.1127800941 2055817088.0000000000 
37.2464103699 27.4476547241 67.4679183960 -1.9785315990 0.6218565106 1.7734659910 794659392.0000000000 
23.0046672821 32.0397262573 58.9663238525 -0.1161148772 -0.7599556446 1.7157407999 987735808.0000000000 
102.4252700806 47.5702629089 32.8902969360 1.7303193808 -1.7850515842 -0.4080068767 1213930624.0000000000 
86.0787429810 42.4621353149 51.5271911621 -1.5708419085 -1.3078936338 1.6850655079 1515535872.0000000000 
57.1457214355 12.3748016357 33.1543426514 1.8110443354 -0.4375161231 -1.9378709793 2393714432.0000000000 
-0.0223513991 92.1801300049 33.1286048889 -0.8741129637 -0.7395927906 1.1210908890 1874093824.0000000000 
63.8589553833 66.3222122192 14.3643712997 0.2528575063 -0.9084135294 -0.0198861025 1244735744.0000000000 
27.8916835785 86.8724060059 96.6133804321 -0.9370338321 -0.4776079357 -0.3508306444 935102848.0000000000 
46.2062797546 33.2763099670 96.1744537354 -1.8549861908 -0.0684827492 -0.3751422763 2470359552.0000000000 
95.4180297852 39.9717216492 88.9521484375 1.6560086012 -0.4642925858 -1.1286718845 486386048.0000000000 
66.3856353760 4.2095751762 86.1813354492 -0.7025022507 0.8433285952 -1.6511536837 2220563712.0000000000 
94.3733367920 57.7595634460 35.9821739197 -0.7769255042 -0.1084532291 -0.5286035538 1433092992.0000000000 
84.0111846924 70.8038177490 103.2654342651 -0.3553802967 -1.5210288763 1.7046866417 1120980736.0000000000 
59.6991844177 38.8275222778 41.2952232361 -0.1084673330 1.0393711329 -0.4718669653 971481664.0000000000 
20.9706554413 62.3728981018 58.8611640930 1.3694485426 0.4103849530 0.1106032059 413143072.0000000000 
27.1079559326 55.6024971008 4.1719098091 -0.8140279055 -1.2056930065 -0.2301328629 1506556672.0000000000 
68.0702133179 82.7601165771 10.0649185181 0.1260524541 0.3637140393 -1.5010192394 2361692160.0000000000 
67.6562423706 2.8357961178 45.9042434692 -0.7416679859 -0.4405245483 1.3200725317 1973725696.0000000000 
10.4332933426 27.4967994690 23.0413112640 -0.8438761830 1.2674894333 1.0484628677 321168640.0000000000 
46.4176979065 36.9725837708 26.3037567139 0.9181403518 1.6240575314 -0.6156226993 61501584.0000000000 
15.9800834656 80.5790252686 68.7758712769 1.1216242313 0.3751633465 1.2090961933 775868736.0000000000 
26.9917831421 102.1368865967 28.4835433960 1.6183478832 1.8976850510 0.6003685594 546486016.0000000000 
36.6093826294 51.5724754333 -5.4264512062 0.0481660403 0.7634016275 -1.2378168106 1996425344.0000000000 
58.8628578186 89.4326553345 87.0525512695 1.6819167137 -1.0641578436 -1.1380587816 1632018688.0000000000 
9.0365200043 53.8543434143 63.7236251831 -1.0059181452 -0.5921573043 -0.8209568858 57476260.0000000000 
87.8565521240 1.4694864750 35.1072807312 -1.4483258724 -1.8562099934 0.3563049138 106830512.0000000000 
-1.3951094151 27.9492912292 21.5335369110 -0.4903366566 0.8636688590 -0.9171878695 2213070080.0000000000 
48.5152130127 43.6254692078 70.5867004395 1.6288671494 -0.3854430318 0.4396271706 2076515200.0000000000 
69.4818038940 81.1393966675 41.5459365845 1.1166855097 -0.4037806988 -1.3624565601 61164860.0000000000 
79.5073776245 48.0082435608 2.3854925632 0.8085682392 0.2924118638 -0.4668138623 2112800128.0000000000 
63.0362892151 91.0046310425 81.7664718628 0.4590692222 -1.1866483688 -1.4026935101 2481646336.0000000000 
88.4300231934 49.3310165405 89.0138244629 -0.7115074992 1.4917407036 0.2429407835 578500864.0000000000 
36.0378150940 7.3572077751 7.1254096031 1.6652532816 -1.9746884108 0.1880448461 1739579776.0000000000 
33.5098915100 64.0424499512 77.3670425415 -1.3740365505 -1.3188661337 1.0637474060 2157894656.0000000000 
71.5074768066 7.2298979759 72.7380905151 -0.5986521244 -1.5210151672 0.3802496493 2424747520.0000000000 
27.1973476410 67.8025741577 103.0355072021 -1.0260640383 -1.3470270634 1.3502810001 1416188672.0000000000 
0.1434492022 41.7167701721 86.9735717773 -0.7267432213 0.3029285669 1.4348883629 578259904.0000000000 
67.5092010498 32.7513160706 95.6444396973 1.9228736162 -1.5584383011 0.5794520974 351217216.0000000000 
18.8992767334 42.8044700623 4.6313853264 -1.8822131157 0.2581502795 0.8578226566 950166912.0000000000 
58.2301063538 21.8810329437 31.2554664612 -1.9845441580 -1.7839134932 -0.7463780046 619612096.0000000000 
16.8396511078 16.4225025177 83.6591110229 -0.9755838513 0.2302893698 0.4419518113 1426361088.0000000000 
17.1653900146 54.7592582703 84.7544479370 0.8420147300 1.5100369453 0.9123722315 1727418496.0000000000 
94.3062057495 43.4747886658 89.8419799805 -0.9238311648 1.1636190414 1.3387489319 750658688.0000000000 
26.2655067444 61.8314285278 58.6703491211 -1.8550668955 1.4296370745 -1.8606606722 103862288.0000000000 
83.3347854614 34.2061996460 21.0154247284 -1.5059312582 -0.0142624034 -1.5854429007 952569984.0000000000 
-1.2816721201 65.3496704102 100.2062225342 -1.2704221010 -1.2486014366 1.0058625937 2222856192.0000000000 
-2.3478572369 55.4244880676 56.2431488037 -1.7693349123 1.4370121956 -0.3575239480 816128448.0000000000 
55.1513519287 30.5404472351 58.8055801392 -1.9797765017 1.1754833460 -0.7741210461 106390336.0000000000 
66.0152130127 37.3604774475 5.8959932327 0.2273611277 0.7290402651 -0.4991959333 1707236224.0000000000 
12.1606807709 41.5808868408 -3.2746338844 -1.0811345577 -1.2276329994 -1.9282110929 1018648192.0000000000 
37.0328102112 71.9038925171 37.1991920471 -0.2160919011 -0.9999893308 1.5092060566 1251860736.0000000000 
16.2408523560 29.5422077179 81.7806930542 1.0481815338 0.1455376297 -0.1911826432 1915858688.0000000000 
42.4109649658 68.0440750122 88.7227630615 1.9085406065 -1.6127504110 1.5614347458 1336449536.0000000000 
86.9063415527 31.5222396851 17.3693275452 1.8058841228 0.9775612354 -0.8738064766 453086496.0000000000 
90.0142059326 21.0138130188 66.5686340332 -0.7376798987 -1.7333568335 1.5385321379 1910863872.0000000000 
30.2703762054 67.1916427612 18.3629570007 -0.2863742113 -1.8050421476 -1.6296942234 469607776.0000000000 
66.7929840088 50.7686233521 100.6628265381 1.6517409086 -0.7692707181 1.0451071262 2228072704.0000000000 
34.2167015076 74.0528259277 45.4472351074 -1.2667304277 1.6868027449 0.5728297234 345773920.0000000000 
68.6847457886 86.8747634888 40.1181373596 0.4107797146 -1.1233643293 1.6326500177 2302398208.0000000000 
30.8416004181 80.4344787598 77.5304946899 0.4227582216 0.2116092443 1.7982118130 79442456.0000000000 
54.4009323120 6.0699663162 15.4542541504 -1.2367577553 0.3651579916 -1.2981737852 262228096.0000000000 
85.6192703247 95.5369720459 98.0394821167 -0.7992737293 0.3671780527 -0.3166694641 1213453824.0000000000 
45.1972846985 16.3419952393 71.2221755981 -1.2710316181 1.9683275223 1.7682139874 1962243712.0000000000 
21.1365833282 88.0193634033 68.4001998901 0.0001214832 0.5685967207 -0.4386608303 258369184.0000000000 
26.1944942474 31.8522739410 10.6183977127 1.2299602032 -0.4579575062 -0.5764958262 2493543424.0000000000 
104.6725692749 52.1594047546 2.1642796993 1.4652564526 -0.1361064315 -1.6189329624 426541728.0000000000 
7.3560914993 53.7503204346 61.1776313782 0.3080649078 0.3437718451 -0.8867745399 1889524224.0000000000 
63.2783203125 13.7891931534 48.9977874756 1.1455132961 -1.6990162134 -1.0153110027 714418368.0000000000 
80.3286361694 73.3512420654 39.3928489685 1.6754722595 1.9147626162 0.0954220146 1815811712.0000000000 
33.0888824463 86.0202789307 78.8880462646 -0.6517491341 -0.3808289766 1.3011450768 514428320.0000000000 
95.9042358398 91.3221511841 28.2804317474 1.7168037891 -0.2299310118 -1.8724932671 1263463168.0000000000 
5.1716198921 31.8955669403 32.1574935913 0.4290183485 0.1373191327 1.2072075605 981989696.0000000000 
57.5076522827 8.6009368896 59.2010650635 -0.6869294047 0.7563478947 -1.7321544886 621890432.0000000000 
57.1077537537 58.5774002075 101.4561004639 -1.8885707855 -0.1283996105 0.7843357325 914056256.0000000000 
92.8538665771 51.4689788818 66.0811767578 0.9980704784 -0.2047327757 1.7860106230 1707054848.0000000000 
97.8941650391 93.8405761719 17.8209342957 1.6916766167 -0.8392540216 -0.1972077191 1326172160.0000000000 
81.4393005371 21.1347789764 94.3446502686 -0.2606995404 -0.7971858978 0.3999601305 1913613824.0000000000 
101.6046829224 62.1639099121 11.2190675735 0.5974683166 -0.9602649212 1.9613993168 1701067264.0000000000 
75.4329299927 63.0560798645 6.9764208794 0.4369059205 -1.1538269520 0.4779617786 905456896.0000000000 
67.3623657227 57.4187355042 -0.8080624342 0.2255533040 0.1770852953 -1.0557886362 1202803968.0000000000 
87.0452117920 76.9247665405 9.8769655228 0.6531587839 1.7295168638 1.7471789122 253807808.0000000000 
17.7630844116 47.7951202393 94.2884368896 -1.1206983328 -1.1731630564 1.5116847754 2177713664.0000000000 
40.7531738281 88.1940917969 57.1005668640 -1.2029554844 0.2255214006 0.3891267180 2026761856.0000000000 
75.8200378418 27.1277275085 11.6601934433 -0.2687978745 1.1297055483 -1.1232055426 2475981056.0000000000 
25.8293457031 37.7895278931 46.8202362061 -1.3459485769 -1.4629715681 -0.0643972456 2070352256.0000000000 
2.8119843006 50.8962936401 98.8716049194 -0.7858301401 1.8215295076 1.1760286093 1302436992.0000000000 
18.6558647156 68.6933975220 48.1302757263 0.5122653246 0.1633168757 1.7899550200 2070965760.0000000000 
18.2426223755 59.2265357971 70.1425933838 1.5153985023 1.0218123198 1.2436238527 780553088.0000000000 
60.8717346191 2.6381254196 35.7666778564 1.4433702230 -0.0635919273 1.1064441204 63131424.0000000000 
65.1086425781 29.2384338379 90.9877700806 0.7263391614 0.7052322030 1.1272039413 2459134208.0000000000 
68.7872772217 53.1147613525 58.3896484375 1.1587057114 -0.9717478752 1.5841335058 1047783808.0000000000 
88.8084259033 81.6413650513 32.4873352051 1.6434503794 -0.4794108272 1.5482671261 1977287808.0000000000 
17.2590274811 74.4141616821 8.4460248947 0.7061781883 0.9088200331 -0.3698601425 1339742080.0000000000 
27.4210605621 16.7523708344 54.4015426636 1.2957687378 -0.2419487238 -0.3426184058 1266093056.0000000000 
16.0834808350 25.3158493042 58.8992271423 0.9731106758 1.1128921509 1.9771903753 1332009984.0000000000 
10.3008279800 93.7480239868 89.1687774658 1.3668336868 0.9172741175 -1.2067974806 1882741504.0000000000 
6.3388738632 14.3249244690 57.3393096924 -0.9888433814 1.1512056589 0.5864943862 2311261440.0000000000 
55.7521095276 -0.0138716884 36.4731941223 0.8911541104 -1.0529996157 -1.9126719236 1366353920.0000000000 
72.6368865967 46.2873725891 6.1758713722 1.1307172775 0.5362455845 0.1776289940 1310810752.0000000000 
39.9906196594 52.3504638672 -4.0799965858 -0.2318514138 -0.2900214493 -1.9568154812 715755008.0000000000 
11.5830888748 16.7541141510 5.6288456917 -0.8975938559 -0.8148356676 0.3414054513 1311331712.0000000000 
9.7824888229 18.7324142456 53.1183738708 0.3808076978 -0.8630837202 1.6481224298 786252544.0000000000 
45.3769378662 90.4337005615 94.3979187012 -1.2452133894 -0.5361275077 1.6561723948 2420765184.0000000000 
-1.6527521610 55.6116065979 50.2722549438 -0.3391929567 1.9811431170 0.2058801502 2143828480.0000000000 
44.1246299744 61.1509628296 8.0424156189 0.3433253169 1.0489335060 -1.2651311159 2147194752.0000000000 
-0.9823130369 86.5923461914 44.9944915771 -1.4263795614 1.9827849865 1.3307725191 1832140032.0000000000 
34.0105972290 77.6196289062 12.9272928238 1.1899763346 0.6810340881 1.6423287392 2457520896.0000000000 
-5.1670484543 77.8231430054 93.9971084595 -1.8281465769 -0.8868014216 -0.2290696800 1131248640.0000000000 
31.4071521759 100.3871002197 30.0943393707 0.7925172448 0.1969867200 -0.1792913526 708542400.0000000000 
29.6228351593 61.7751579285 14.7420244217 -0.4678493738 -0.3876998723 0.1029907838 1305758080.0000000000 
43.7286720276 27.8295421600 21.5748806000 0.7276251912 -1.5943870544 -0.7864558697 1196216064.0000000000 
83.5289916992 11.7715215683 44.4071350098 1.2432168722 -1.8612840176 -0.3479633331 2134030720.0000000000 
33.0304031372 92.6639404297 32.9458961487 0.3489692509 1.3945815563 0.4695509374 714285760.0000000000 
44.7666282654 11.1704044342 61.1424331665 0.8961741924 0.8396201134 0.8468869328 260640256.0000000000 
11.3405265808 25.6314449310 70.2758865356 0.0556619838 0.3863863647 1.5213663578 483441664.0000000000 
68.8950805664 16.3270130157 59.8582458496 -0.1292856038 -0.4184065759 -1.4657846689 702789568.0000000000 
47.5992851257 52.8580322266 12.3254070282 0.9452645779 -0.3418838680 -0.2301545888 821451008.0000000000 
