71.8168869019 52.4323997498 17.0058155060 -0.6643047333 1.3889240026 0.2306855321 1188455552.0000000000 
54.1488418579 2.8771774769 15.5615434647 0.2481281459 0.0933238044 -0.7767764926 2295418112.0000000000 
70.7571945190 24.8963661194 57.2649612427 1.2415280342 -1.2163182497 -0.5780190229 1793924992.0000000000 
43.1804618835 45.7235717773 44.2424240112 1.0644577742 1.1119306087 -1.6945879459 432826304.0000000000 
27.4003124237 61.8852691650 20.9771976471 1.7633634806 -1.4334816933 -0.4177285135 679863296.0000000000 
99.9934387207 103.2067260742 83.5398864746 0.0688035339 1.8328462839 1.7533876896 216223344.0000000000 
40.2824592590 25.2378559113 2.7004055977 -1.5032420158 0.2239753008 0.4705496132 2338294784.0000000000 
66.9119415283 93.6009597778 58.9445724487 -1.5058522224 -0.5890282393 -1.2685594559 2227503616.0000000000 
10.7810678482 33.9848480225 2.4252734184 -0.6691641212 1.7752298117 -0.7770960927 663387776.0000000000 
0.3712683022 71.0688018799 49.3924560547 -1.6290212870 0.4935567081 -0.8764786124 1517444224.0000000000 
50.4058761597 22.1707134247 73.2820434570 -1.7288944721 -0.0914281532 0.7841351032 479985984.0000000000 
7.4888615608 25.8092727661 18.4072208405 1.1125136614 -0.9076609015 1.1433342695 2219848448.0000000000 
68.8927841187 90.1865158081 84.6976394653 1.0935080051 -1.1959575415 1.3474519253 259164368.0000000000 
10.2670869827 20.4056606293 45.0124282837 -0.9925868511 1.3294835091 1.6207007170 804275584.0000000000 
35.8292732239 17.5127811432 95.2127456665 -1.8266552687 -0.3074027002 0.4470613897 272148800.0000000000 
96.6832046509 34.5278625488 28.7343750000 1.5720622540 0.5017690063 -0.2602328658 1681079424.0000000000 
89.7052078247 14.2995891571 52.8163414001 0.0761345550 -1.2864600420 -0.6473056674 755321984.0000000000 
38.7781219482 14.7347517014 46.0890426636 0.1360599101 -0.6830605268 1.1043003798 1935116160.0000000000 
16.3697261810 75.6227722168 0.2162017524 0.3742097616 1.4977365732 -1.8429042101 1587905408.0000000000 
22.6496448517 73.9562530518 65.2298889160 -1.2566609383 1.8484103680 -1.8478603363 211133536.0000000000 
58.8086509705 50.8844337463 71.9496765137 -0.0596830584 0.7081623077 -0.7707956433 24907640.0000000000 
79.5993347168 72.4211120605 35.6050949097 -1.1010634899 1.3474106789 0.8859407902 1914203264.0000000000 
12.1619529724 42.7006454468 56.5996894836 -0.7452768683 -1.3139764071 0.5105458498 2248982272.0000000000 
1.4606927633 62.1219711304 49.0611228943 -0.6021941900 -0.7785577774 -0.8800429702 1282784512.0000000000 
34.6935424805 38.3503913879 56.8076057434 1.4821206331 1.2047865391 -0.5934383869 870435072.0000000000 
44.3908119202 63.6756095886 39.2575225830 -0.6812620163 -0.7123668790 0.6962686777 1399585024.0000000000 
13.3716106415 46.4422912598 39.8988876343 -0.6467471123 1.5305488110 1.4773013592 1579236992.0000000000 
-2.3824765682 43.3007507324 44.4487571716 -1.5415297747 -1.3506604433 -1.7358944416 1091680128.0000000000 
51.5087318420 37.9063529968 95.8027954102 0.9495155811 0.6931241155 0.1411847621 1512956160.0000000000 
55.4022903442 91.5937805176 91.4771652222 1.7798973322 0.2724368870 -0.7885311246 679450688.0000000000 
81.4693374634 95.4805374146 76.2507781982 -1.7634845972 -0.5528849959 -1.4079124928 989942016.0000000000 
21.1964588165 2.7657091618 4.0230093002 -0.7687844038 0.1198147610 0.2668977678 1014725440.0000000000 
61.4034538269 71.8800659180 90.0341644287 -1.3834586143 1.8738917112 1.1397782564 2228838144.0000000000 
55.8939971924 28.8602561951 48.6909141541 -1.5861253738 -1.0106369257 -0.1930111945 116823248.0000000000 
85.7869567871 80.9728927612 24.8959732056 0.8469335437 0.9535716772 -1.3824112415 1964581248.0000000000 
8.6152172089 27.3435821533 12.4999227524 -0.5312152505 -0.6711601019 -1.1109579802 1672733312.0000000000 
85.9330596924 74.6729660034 15.9374866486 0.1169878915 -0.4426681995 1.7047592402 1718563840.0000000000 
26.3852748871 61.9303359985 49.4358520508 -1.9818098545 -1.8208669424 -1.6871017218 262548256.0000000000 
21.2717056274 48.3197288513 14.6770515442 -1.5593101978 -0.8521762490 -0.0804599375 2057335808.0000000000 
-3.9350600243 70.5320205688 66.6422424316 -1.3770537376 1.6905684471 1.1465889215 1268803968.0000000000 
17.9628849030 5.4689965248 12.7494678497 -1.5442000628 1.1105235815 -0.9705466032 1616176512.0000000000 
16.7920589447 24.5904712677 41.6662101746 0.1376630664 1.5504144430 1.6568354368 1316908800.0000000000 
87.2037429810 99.0270843506 68.8535232544 -1.1443600655 0.0131779108 1.1331708431 814642752.0000000000 
86.7328033447 32.9235725403 20.1222324371 1.2965916395 1.5202519894 1.0666004419 2439893760.0000000000 
71.2498779297 55.7701263428 51.5936851501 -1.8106102943 0.1868721396 0.6735598445 422639552.0000000000 
31.3848171234 82.7341384888 74.4813308716 -0.0372133851 -1.6984912157 -1.4194562435 9584578.0000000000 
103.6644210815 -2.6304843426 46.3034439087 1.5195083618 -1.7519133091 -1.3507199287 270604704.0000000000 
53.8595848083 88.4629974365 45.0731506348 -0.5238528848 -1.2528793812 0.3326622248 497324832.0000000000 
14.9880352020 41.7938270569 20.7276058197 1.5356936455 1.5500051975 0.6639317274 2336869888.0000000000 
48.7461624146 26.4651050568 18.8482704163 1.0131410360 -1.0704061985 1.7059773207 580231872.0000000000 
26.5401382446 -0.3827934265 28.9645919800 -0.9085001349 -1.4265277386 1.0824327469 398426464.0000000000 
23.1954269409 100.3168029785 30.7618293762 1.0120780468 1.4684711695 0.7967333794 284152896.0000000000 
0.5445454717 31.0036067963 31.0282611847 -1.3573168516 0.5178036094 -0.0414084867 60172520.0000000000 
60.3405838013 13.9358854294 87.0477142334 1.7894905806 -0.1169410199 -1.7807352543 1759679744.0000000000 
59.5498809814 89.1130447388 86.9450225830 -1.9820076227 -1.8338769674 -1.3465431929 690774976.0000000000 
15.4955730438 101.0856475830 47.6486206055 -0.5255978703 1.4287270308 0.8189413548 276333280.0000000000 
80.5065612793 44.2875022888 23.2111949921 1.2495434284 0.7528467178 0.1636781543 2412601600.0000000000 
38.0580596924 -4.0965275764 107.7776107788 1.3218476772 -1.2906135321 1.7568417788 1946746880.0000000000 
60.0046806335 11.0245399475 46.6185379028 -0.6900198460 2.0168879032 -0.3288046420 835795968.0000000000 
-1.0593799353 59.6405296326 51.9628295898 -1.0490014553 0.1214163601 -1.8272768259 1471303936.0000000000 
32.3775405884 68.0079879761 78.3032684326 -1.4436656237 -1.4165440798 1.6577181816 2387366656.0000000000 
77.5408859253 45.7296829224 100.0799255371 -1.3861547709 -0.0444281846 1.5903357267 2467900416.0000000000 
61.2143096924 92.9495315552 71.5199203491 -0.8457916975 1.4290361404 -1.0177745819 1544233856.0000000000 
93.9924697876 61.8171653748 96.3478088379 1.5810790062 -0.9810239077 0.2099508196 320524832.0000000000 
72.2350769043 58.0555496216 69.9499740601 -1.2845196724 -0.5718383193 -0.3532017767 801722112.0000000000 
48.4707756042 39.8631057739 21.5655250549 -0.5693061948 1.1888753176 -1.1827937365 1290601344.0000000000 
37.1336021423 19.7953681946 45.7125625610 1.7693628073 1.8748497963 -0.9279015660 566498048.0000000000 
86.6754760742 45.6167793274 90.0006484985 0.7233173251 -1.2168422937 1.0815824270 1481638016.0000000000 
38.8095779419 45.3026123047 70.8288192749 -1.0698887110 1.8875455856 -0.2572767735 1026679808.0000000000 
39.4933815002 79.0804595947 63.2538414001 1.3859722614 -1.2696813345 -1.9760798216 492436256.0000000000 
94.5078887939 16.4614009857 65.5973129272 -0.9559198618 -0.7450314164 -1.1560052633 531591168.0000000000 
18.9430694580 38.5894241333 39.5707168579 -1.6526067257 -2.0890457630 -0.8506233096 1969448448.0000000000 
21.5279922485 6.9212021828 30.1178855896 0.5553182960 -0.1888316125 -1.5792021751 2146357760.0000000000 
45.3619346619 51.7002410889 17.0351409912 0.9433533549 -0.4390997589 -1.9617288113 1431805312.0000000000 
59.9798927307 -4.9375452995 76.6066818237 0.2996633947 -1.1191425323 -0.0767058209 2127616640.0000000000 
57.3955841064 63.6286506653 6.5284194946 1.1158013344 -1.2665534019 0.0562894456 2212517632.0000000000 
16.5096302032 85.9102325439 58.2989158630 -0.4639957547 1.4402000904 -1.8061075211 18630168.0000000000 
34.7850456238 19.3905258179 79.2593917847 0.8653738499 0.8050620556 -1.4763479233 1112124800.0000000000 
11.9905862808 6.4895668030 7.5868382454 0.6889668703 -1.4072862864 1.1784335375 616455424.0000000000 
42.8025665283 36.4600067139 3.0883131027 1.4949183464 1.8912131786 -1.3138552904 1644223488.0000000000 
12.4508666992 65.4053726196 48.5523147583 -0.5991090536 -0.2112844288 -1.1484571695 1803166592.0000000000 
34.1929283142 25.3984165192 74.7455215454 0.5107756257 -0.2798417807 0.3766881526 834372416.0000000000 
5.7706260681 80.2664031982 83.7222671509 -1.1672326326 1.4464235306 1.1607379913 2181831680.0000000000 
-1.7173304558 65.3793411255 6.3760871887 -0.5047380924 1.4045078754 -1.0949823856 584237120.0000000000 
91.8564605713 28.7477378845 87.7562789917 1.8954246044 -1.8022173643 -0.2903535962 806295680.0000000000 
55.6151008606 73.3035507202 9.9435596466 1.2711596489 1.6558437347 1.1331936121 1080352128.0000000000 
33.3738555908 28.6864185333 77.4349517822 -0.1424291134 -1.6070772409 0.1606813520 1651179136.0000000000 
105.5858688354 42.5465469360 56.3453254700 1.8341848850 1.6958646774 0.6025459170 836339584.0000000000 
79.7285385132 81.8184890747 56.0295829773 0.3776720166 -1.0413211584 -0.1563573629 1448715008.0000000000 
34.7133522034 90.1438369751 99.0032958984 1.1417652369 0.1397118270 1.7364660501 1483732480.0000000000 
52.2759361267 63.4876594543 8.5286636353 1.2394322157 -1.6743221283 1.2172577381 652880320.0000000000 
11.2266950607 37.0986747742 91.1548843384 -1.3939213753 0.6891093850 -0.2215029895 293555200.0000000000 
57.6395568848 20.3640842438 35.6089019775 -0.4890515804 1.9437227249 -1.9150811434 2448842752.0000000000 
22.7861003876 45.4612541199 55.0769233704 0.0763200447 -0.5045592785 -0.1740485728 745257728.0000000000 
89.0625305176 33.2249755859 97.3503341675 -0.5402213335 -1.4858394861 1.6146116257 453258208.0000000000 
18.9652042389 61.7353057861 41.5645332336 -0.4134434164 -1.8375241756 -0.5310239196 1346934528.0000000000 
68.5606994629 90.3454360962 57.7834587097 -0.7230628729 1.6813479662 -1.5658832788 1751747072.0000000000 
82.8319702148 15.1037721634 62.7104492188 -1.4976519346 0.4761721492 -1.0761265755 1605816960.0000000000 
106.0406799316 62.1403198242 100.6174621582 1.5568494797 -1.5818082094 1.3021298647 691720320.0000000000 
22.1083030701 74.0084228516 53.8149185181 -0.2141546607 -0.1963186115 1.6043697596 2090257536.0000000000 
44.7442207336 18.2255840302 28.0623188019 -1.1075645685 -1.6193114519 -1.8848843575 1366053760.0000000000 
9.3234252930 9.3318977356 33.2883491516 1.6908150911 -0.9070515037 1.7195392847 100865400.0000000000 
94.6592102051 24.0172367096 70.6330871582 1.4002808332 1.4772145748 0.4561656415 1889408256.0000000000 
91.4488525391 39.5913238525 3.1522154808 -1.2051342726 -1.1841950417 0.0003378604 1622625152.0000000000 
59.4627685547 42.2798995972 55.7780876160 -1.3594443798 0.6650819182 1.4681512117 973454464.0000000000 
78.8195419312 79.6546401978 87.1405181885 0.9786628485 -1.9077047110 -1.3044776917 1653225216.0000000000 
23.2954750061 6.6592755318 67.8216247559 -1.2912909985 -0.8546923995 -0.4743377566 77432840.0000000000 
6.7949328423 0.0823946372 85.0291976929 -1.5052846670 -0.1155551821 1.2652089596 810052800.0000000000 
63.2630043030 35.0200233459 96.3517913818 -0.6887404919 0.8190004230 -0.2140130997 1236220544.0000000000 
27.5237674713 26.0306510925 94.6747741699 -1.6091716290 -1.1569056511 1.2369478941 2108306304.0000000000 
24.7524719238 -7.3677806854 44.5875015259 0.1630948335 -1.5033137798 -1.1741268635 1777993856.0000000000 
39.1736106873 61.4256134033 74.6624374390 0.0336356796 0.4833694100 0.0678914264 1628433664.0000000000 
10.6662406921 37.9417037964 106.4029312134 0.9346392751 0.6234944463 1.7532790899 141888448.0000000000 
40.1402397156 45.1869697571 53.8093376160 0.8682156205 0.9073176980 -0.2641842365 2022419072.0000000000 
86.8872070312 20.6568946838 58.2872123718 -1.2851583958 -0.9421804547 -1.3925503492 1778928896.0000000000 
42.2204856873 45.4183349609 35.6063308716 1.0372406244 1.8231863976 -1.3275200129 734010112.0000000000 
57.4859275818 60.2067413330 102.7747039795 0.4771339893 -1.8293198347 1.6279113293 849066880.0000000000 
61.0853691101 82.3134078979 48.6076660156 -1.7879445553 -0.9284524322 1.7935844660 1930240896.0000000000 
8.8708524704 41.0581588745 52.7542724609 1.7926899195 0.5662385821 -1.0771678686 271900864.0000000000 
84.7081909180 44.1355667114 76.8754806519 -0.9737610817 1.0297398567 -1.0378208160 63012292.0000000000 
65.8564376831 32.8765335083 27.1834869385 -0.9750882983 -1.5792676210 -0.9312681556 2177471488.0000000000 
21.3222217560 9.5507297516 23.2650794983 1.4013334513 -1.7584050894 0.4532548189 2253528320.0000000000 
29.5169944763 64.2290267944 62.3936653137 -0.6487303376 1.7427488565 -1.0052962303 659423616.0000000000 
56.8711662292 56.3572044373 31.1415557861 -0.1258731633 1.5134906769 -1.2155469656 1837425536.0000000000 
59.9039726257 50.4833793640 67.5456695557 -0.6578154564 1.3769321442 -1.7059887648 1493768960.0000000000 
86.2839126587 34.7867164612 50.4177589417 -1.6742547750 0.0913085267 0.7114661336 2333046016.0000000000 
66.1321792603 35.4832153320 83.5560150146 1.6227180958 1.3859664202 0.0043385802 593614976.0000000000 
74.7994766235 71.2247085571 57.6145057678 -0.6135038733 -1.0216903687 1.5031063557 2056956160.0000000000 
18.1819972992 6.7823758125 52.1544799805 1.0802662373 0.0391887203 -0.7216826081 247796096.0000000000 
30.5665569305 44.4995117188 62.9309616089 -0.8063111901 0.9643585682 -1.3550301790 955463808.0000000000 
33.6120338440 76.9727478027 24.5658226013 1.3930863142 -1.5011862516 -1.3893150091 1887465984.0000000000 
102.0323104858 64.2212600708 99.0211105347 0.9763940573 -0.3235179782 -0.0609270744 255383312.0000000000 
73.1290893555 35.4572677612 92.0541458130 1.1888264418 -0.2470190674 -0.1056162789 1401852544.0000000000 
89.2226409912 73.9489669800 63.1093177795 -0.9058566689 -1.2345505953 -0.5764743686 1439019136.0000000000 
87.6883621216 49.4521903992 91.1340484619 -1.2305326462 -0.5473786592 -0.9514073730 125896104.0000000000 
48.9436531067 34.0595397949 86.4480209351 -0.1395929307 -1.6394369602 1.1673505306 541072768.0000000000 
43.7123374939 32.3408660889 26.7747440338 -1.2974342108 0.6455225348 -1.0056996346 2435320320.0000000000 
-0.0242724288 72.9930343628 47.3939132690 -1.8380608559 0.0387342535 -1.2063497305 781328000.0000000000 
75.6458053589 46.5671310425 95.6281890869 0.6425724626 -1.7131628990 1.3460209370 2163457280.0000000000 
52.5575561523 12.8200035095 95.9148330688 1.7346752882 0.1933133155 0.8490136862 1005267264.0000000000 
54.8722839355 58.0479469299 70.5624237061 -1.5045912266 1.2244222164 1.7310630083 749596672.0000000000 
48.1244125366 26.2673149109 33.6740417480 0.2353251725 1.6466164589 1.2715414762 1478283136.0000000000 
36.5078239441 1.5866739750 96.1465072632 -1.3678643703 0.2704003751 1.1356999874 2048945920.0000000000 
54.0732574463 68.9021377563 70.4595108032 -1.7404893637 1.0127332211 0.3818267882 2779009.5000000000 
38.4167900085 39.0481910706 30.7953777313 1.6950327158 1.3817217350 -1.8965682983 123021008.0000000000 
57.5004425049 88.5469970703 37.3659057617 -1.5180680752 -1.4887795448 0.4922161400 1704932352.0000000000 
4.3524703979 41.8997077942 20.9130630493 -0.0324146934 -0.2554202974 -1.2730580568 1595090688.0000000000 
101.3020935059 98.9768218994 38.6352920532 0.4427475035 0.3992483020 -1.4208697081 1710144896.0000000000 
39.7399101257 65.5774078369 60.3325691223 0.6730510592 -1.7627542019 -1.6313366890 1466610176.0000000000 
91.6075744629 2.5761828423 73.2393264771 0.1937078238 -1.6654372215 1.9220077991 1691770496.0000000000 
16.0078773499 51.5293197632 38.5425109863 -0.9540446401 -1.8661984205 0.5353989005 1837243264.0000000000 
46.8615074158 86.3899536133 43.9448356628 -0.1234583706 1.0791131258 1.3359816074 207912768.0000000000 
43.5214767456 101.5194778442 75.7414474487 1.0024383068 0.8190450668 -0.2020882219 1031983360.0000000000 
81.8537750244 57.0549354553 102.5095443726 0.7329236269 0.5850567222 0.4859869480 609623872.0000000000 
80.5172348022 56.5410499573 87.5277633667 1.6956084967 -1.1007294655 -0.9252158999 458355616.0000000000 
31.7179050446 95.3711547852 87.5982131958 0.9900197387 0.8190121055 -0.8543012142 521037984.0000000000 
57.5182647705 4.1670169830 20.3680686951 1.5313063860 -1.5841488838 -1.7531217337 1582679168.0000000000 
82.9350051880 42.1415138245 -4.3903365135 0.3528402448 -1.7989267111 -1.7740536928 699765504.0000000000 
68.7043151855 64.0400085449 51.2744560242 -0.3248177171 -0.8120210171 -0.2146308124 878257280.0000000000 
58.8296546936 74.9805679321 52.5297088623 1.1893343925 0.5121176243 -0.1868789792 1349487104.0000000000 
42.6285781860 81.5902709961 65.5255355835 1.4260425568 1.4163907766 -1.8691499233 1843336704.0000000000 
101.3517379761 12.1598014832 35.4046325684 1.0321981907 0.4738458693 -0.3195554018 911472384.0000000000 
63.3991050720 39.0007896423 57.7881088257 -0.5679479837 -1.4277595282 -1.3419896364 1968763008.0000000000 
53.7503242493 57.9625091553 17.4387569427 1.9066580534 -0.6608985066 0.7291333675 1921457408.0000000000 
93.5255584717 20.1190586090 22.0146598816 -0.7181326747 1.5146230459 -1.7511469126 448789024.0000000000 
77.5795745850 3.6503496170 87.3538665771 0.7924678922 -1.1738851070 -0.8852950335 1171678208.0000000000 
79.7672805786 63.6205482483 82.7971801758 -0.1469227821 -1.3491770029 -0.1214783937 2077985664.0000000000 
35.6836891174 59.7259750366 67.0345840454 0.9950539470 -0.9776754975 1.0268334150 1805117312.0000000000 
60.7935180664 44.2206420898 55.0993385315 0.2661734819 0.2035800815 1.2224756479 2228751104.0000000000 
35.9784278870 94.4637756348 16.8330707550 -1.3566308022 1.7560354471 1.9421385527 2151673856.0000000000 
23.8243274689 37.0975875854 26.2274742126 1.8509098291 1.9074879885 -1.3232389688 1045587264.0000000000 
13.4599103928 59.7288017273 32.3600425720 -0.1704079509 -0.8700501919 1.4967700243 503084960.0000000000 
47.3107376099 53.6759223938 90.5036010742 -1.4337344170 -1.7820762396 -0.3868623078 1762960000.0000000000 
52.2427291870 12.7616539001 62.9953613281 -1.8298370838 -1.6869487762 0.6606695056 513653984.0000000000 
-4.4980125427 74.1555938721 4.6009874344 -1.2893538475 1.7159098387 -0.3870067298 297849216.0000000000 
81.8979187012 49.7563705444 59.4840927124 -1.8258743286 -1.2120450735 1.1516464949 1260278784.0000000000 
39.0247840881 61.0767364502 73.0612411499 -1.9042360783 -0.8889704347 0.5162105560 423368064.0000000000 
42.8004913330 -0.5302671790 86.9003677368 1.8212720156 -0.9351723194 -0.1111783236 2481635584.0000000000 
29.3210716248 19.9043788910 15.1436729431 -0.6102927923 1.2213280201 -0.9342027307 1279723008.0000000000 
75.1618881226 60.3107719421 56.4637527466 0.5169788003 -1.1369299889 -1.3289855719 1719013120.0000000000 
49.6361618042 97.6294174194 27.1449909210 1.6015056372 0.4025341868 1.6013202667 2326851072.0000000000 
83.5513534546 53.8893928528 19.5833778381 -1.1197644472 0.2538908422 1.9301047325 447345088.0000000000 
75.2585525513 46.2583389282 14.6478633881 -1.4295469522 0.3313834369 -0.4794061184 1230267264.0000000000 
30.0135173798 59.2673530579 3.2492358685 -1.5831106901 -0.8168385625 0.6086329818 1847297536.0000000000 
59.7243728638 85.4159393311 45.0325584412 1.7197897434 0.9910340905 0.4775882065 2071756160.0000000000 
32.1370124817 42.3435859680 83.0606002808 -0.9339993000 -1.8380620480 1.4083619118 1218400000.0000000000 
59.5932197571 78.9404983521 73.3760833740 -0.2647383511 -0.9075748324 1.3449701071 1451372800.0000000000 
81.3024215698 27.6333599091 -1.1033219099 -1.0431169271 1.3817098141 -1.6543369293 870935040.0000000000 
16.5256786346 71.3480148315 8.9757699966 0.6052358150 0.0261784736 0.0526275001 1435954816.0000000000 
30.2301197052 16.2214488983 33.5806274414 0.5744849443 0.6160891652 -1.3402522802 2255005440.0000000000 
64.7622528076 9.4423160553 30.0708637238 -0.8185211420 1.4678202868 -1.7715454102 1826173824.0000000000 
3.7038006783 81.3181152344 28.7771549225 -1.9694474936 -1.6192823648 -0.4661341608 612233856.0000000000 
85.7244949341 39.4812812805 62.9148101807 -1.7279866934 -1.3093844652 0.7113756537 1811559168.0000000000 
77.9012145996 16.0419368744 33.9837112427 1.8323915005 -0.6636582017 0.8248681426 1508420992.0000000000 
100.5305404663 94.1377029419 58.4381675720 0.6122351289 1.5231059790 1.5811783075 2399303936.0000000000 
81.8015365601 101.8013687134 58.9816513062 1.4933040142 1.3287975788 -2.0102076530 2199998464.0000000000 
102.0976638794 45.3882369995 16.9077720642 1.4952335358 1.3791655302 0.8958527446 2414310400.0000000000 
5.9216723442 41.7459030151 78.7877044678 0.8607372046 0.3742581904 1.9428092241 1662937984.0000000000 
99.7127456665 70.2457885742 32.3805809021 1.5308161974 0.2167616189 1.1126115322 1388707712.0000000000 
38.0095138550 69.1915893555 45.6511917114 -1.2477174997 0.4530629218 -1.1699180603 161731760.0000000000 
44.4490127563 22.5128402710 85.7707290649 -0.3722633123 0.3788063228 -1.7560023069 739672768.0000000000 
42.7658348083 72.4407272339 35.2391929626 -0.1772710234 -1.2796093225 1.8239848614 395598880.0000000000 
81.9000015259 96.6847915649 74.1408920288 0.7860578299 0.4881137908 -1.6393451691 1481082112.0000000000 
21.5603866577 87.2257461548 18.1214065552 0.5485705733 0.1175243035 0.6798160076 2042886528.0000000000 
17.7396945953 78.3372192383 94.6700668335 0.4860086143 -1.6993842125 1.2832860947 61540976.0000000000 
58.6880645752 93.2076339722 33.7787895203 -1.6027885675 0.6962267160 0.3631689847 1393068672.0000000000 
89.9310913086 52.9345283508 72.2671508789 0.5578393340 -0.0913548097 0.1358313262 872507456.0000000000 
6.8032169342 63.0052108765 85.8547744751 -0.7880902886 -0.0181020126 -1.6722861528 2320969984.0000000000 
-3.0809664726 77.6255950928 77.0633850098 -1.2219024897 0.4681378603 0.4945111275 2003330944.0000000000 
66.7695846558 42.3959541321 75.4995193481 -0.5799029469 -0.5941449404 -1.4235198498 1165086208.0000000000 
11.5861911774 68.0992507935 7.2017598152 1.6561452150 -0.9495566487 0.9972981811 1385408640.0000000000 
80.6559524536 35.9894065857 97.1245956421 1.3640445471 1.6571552753 1.3425245285 356881984.0000000000 
39.2552299500 96.9983291626 13.5234594345 -0.2537475526 0.6930586696 1.2995307446 1552965888.0000000000 
20.7888431549 52.3265151978 37.2717933655 -1.9919797182 1.5717186928 -0.9898024201 915622336.0000000000 
20.4159450531 31.8964748383 90.3181838989 -0.8987513781 -1.5180407763 1.4168665409 465603584.0000000000 
31.4669303894 66.5798187256 76.8611907959 -1.3982424736 1.4356064796 0.5513336658 2424239360.0000000000 
71.7170333862 47.2381515503 5.0413389206 -1.2678581476 -0.3181636631 -1.2160553932 1554738816.0000000000 
9.2370319366 -0.9956650138 27.6579704285 -0.3104593754 -0.1849368513 0.6777307391 1048742464.0000000000 
36.0856933594 87.4864120483 80.9012298584 0.3804116845 -0.8046591282 0.4588061869 2180963328.0000000000 
49.6006736755 38.7227706909 11.9510211945 1.2708700895 -1.7260642052 1.2386548519 2355318528.0000000000 
98.2487106323 52.8764991760 81.6010971069 0.8320993185 1.7243933678 -1.9285932779 2263925760.0000000000 
34.5413818359 15.0163478851 58.1428413391 -0.1436370313 -1.1401278973 1.0746861696 2193573888.0000000000 
75.1517181396 40.5921058655 21.4199810028 1.9844826460 -0.6061849594 -1.6418387890 1463081984.0000000000 
57.7306938171 63.5192298889 46.1246643066 -1.6406304836 -1.3181984425 0.0795648172 2274757888.0000000000 
17.9186897278 36.6939773560 90.4009475708 -1.2440216541 1.0294324160 1.0225800276 2254825216.0000000000 
59.6851501465 88.6399688721 77.3740005493 -1.8377045393 1.9488213062 -0.6874656081 1257549312.0000000000 
27.5757331848 11.4499912262 41.5722961426 1.4431185722 0.1995969862 0.7028458118 2128569088.0000000000 
90.1079406738 75.1736831665 51.5660324097 0.1643387824 -0.1755499840 1.5832561255 1606591488.0000000000 
70.9483642578 45.5916481018 53.3514556885 1.4695638418 0.9090916514 -0.3762952685 147528992.0000000000 
41.8196411133 26.0050487518 101.3271942139 -1.3087522984 1.8392611742 1.0220133066 534740448.0000000000 
88.1837081909 4.5639796257 63.5935745239 -1.4431028366 -1.1456183195 -1.6184362173 33138684.0000000000 
77.8610382080 78.0970993042 82.4164199829 0.5533283353 0.1110024750 -0.8185419440 483824672.0000000000 
102.0527954102 21.7166233063 81.3460540771 0.4779464900 0.4369259477 -0.4609691799 1269293696.0000000000 
39.5207633972 88.4985122681 57.2438240051 1.2471337318 1.8384435177 0.1160023063 2469901056.0000000000 
99.1255874634 27.6390552521 28.6247024536 1.4354304075 -0.3875975609 1.6988089085 68603304.0000000000 
58.0307235718 7.5035986900 12.2481136322 -0.5641522408 1.1905142069 1.6537880898 3732608.2500000000 
29.0219364166 18.7349872589 10.2387361526 -0.7025731802 -0.3819564879 -1.8251140118 2379431168.0000000000 
-2.2150368690 36.2819023132 36.4867706299 -0.5874468684 -1.1346672773 -1.8886178732 390152960.0000000000 
9.4011240005 62.3936119080 11.3998527527 -1.6085566282 1.4033421278 -0.5842469335 2409768704.0000000000 
32.1434555054 22.1271572113 89.6629486084 1.4423840046 -0.8530182242 -1.9128701687 542490944.0000000000 
5.1956553459 86.5676040649 20.1448745728 -0.3797658682 -1.4478696585 -0.3344930708 1796354560.0000000000 
55.7589988708 51.7607040405 59.6034774780 0.2228271812 1.4561314583 -1.4898545742 2238553600.0000000000 
2.8960709572 19.8168792725 -0.8696200848 -0.9631975889 0.8444110155 -1.1886615753 864408832.0000000000 
62.1519432068 60.2259750366 27.0552177429 1.2243256569 1.2105338573 -0.7697404027 1668517248.0000000000 
1.7940584421 28.7124042511 80.6492004395 -1.3509244919 -0.9213537574 -1.5482879877 1389559936.0000000000 
50.6716232300 60.8727111816 36.3468627930 1.8425357342 1.8421128988 1.7913224697 1290297984.0000000000 
90.6027603149 2.1809430122 40.4362754822 1.5978772640 -1.0295773745 -0.1405351162 390287040.0000000000 
93.9364471436 59.8255043030 56.4352798462 -0.0432210229 -1.2096018791 1.2526769638 774437504.0000000000 
-7.4669642448 10.2337179184 104.8857345581 -1.5984992981 -0.1960256547 1.4228693247 628136000.0000000000 
64.2040863037 95.9425277710 72.2954559326 -1.4901094437 -0.1262840182 -1.6900526285 229748896.0000000000 
39.5558242798 -5.2507367134 51.1790542603 -0.9276726246 -1.5488600731 -1.9263327122 427918560.0000000000 
28.5282878876 41.0694847107 39.3617362976 -0.9315657020 -1.4413236380 1.3341667652 1929678976.0000000000 
31.0544414520 69.0498123169 -0.5648688674 -0.6085623503 0.9799984694 -1.7268575430 1099322496.0000000000 
28.2352256775 99.6454391479 69.0156402588 1.6762602329 1.5016736984 -0.0241127200 114512720.0000000000 
42.7532615662 60.0458259583 18.7559890747 1.2413803339 0.4124761224 1.0117309093 188647824.0000000000 
61.4748535156 71.4259414673 26.2590637207 -1.8304299116 -1.0306568146 0.3271702230 772225536.0000000000 
43.4940414429 31.1910400391 1.4620704651 0.9105616212 -1.8191030025 -1.2862275839 192398448.0000000000 
89.5957489014 15.0604238510 45.7835350037 1.9623739719 -1.3906065226 -1.1783624887 2277530112.0000000000 
0.5843867064 66.2506713867 87.5022735596 -0.3955428898 -0.8701064587 -1.6504125595 500206272.0000000000 
90.9924392700 86.0360565186 28.0599288940 0.3665330708 0.3830102086 0.1093418822 1586156928.0000000000 
80.0916213989 9.6127109528 84.7712860107 -1.0641840696 0.0050752978 -1.9182956219 2430911744.0000000000 
51.0702438354 16.8695659637 6.3587317467 -0.6481702924 -0.3433939517 0.3051631451 839891712.0000000000 
56.4641380310 76.8958587646 18.8135147095 0.3048634231 -0.1061229780 -1.1698349714 2420676608.0000000000 
79.5671005249 22.6555862427 15.7946720123 0.6153339148 -1.4194098711 -0.1911620349 631588928.0000000000 
76.3212432861 87.7469787598 95.2353057861 0.3756994903 -1.7910535336 1.2869061232 2099608192.0000000000 
48.2256355286 76.2150421143 88.3778457642 -1.5782419443 -1.8600172997 1.4138511419 1110490496.0000000000 
55.3867492676 37.1268844604 68.4331970215 2.1150298119 -1.0861897469 -1.9216630459 1435532672.0000000000 
66.9459686279 23.7614688873 58.5093154907 -0.2175286710 0.1593245119 0.8515281677 252077456.0000000000 
64.9946289062 7.9662857056 30.3607292175 -0.3815149963 -1.4037692547 -0.7082175612 23308078.0000000000 
23.2151298523 15.7024974823 88.1058044434 0.9909369946 1.7378017902 0.6299580336 2121081984.0000000000 
94.8784408569 61.2663497925 20.7642498016 -0.3764536381 1.7896726131 -1.6896787882 1034452416.0000000000 
21.8447933197 6.6836581230 99.3065338135 1.3414760828 -0.6453243494 0.0844110101 694075200.0000000000 
86.5026168823 22.1104087830 42.5588111877 0.0854149163 -0.3951170444 0.9601237178 2349107712.0000000000 
55.6792755127 88.0387115479 100.7602310181 0.7987687588 -1.8554140329 1.1514346600 1109990528.0000000000 
105.5083999634 55.5906295776 30.9737758636 1.6979999542 1.9252791405 0.3516749740 878209600.0000000000 
84.9535751343 70.7572174072 81.5228424072 -1.6778120995 0.9744467139 1.0048165321 2292177152.0000000000 
17.9068527222 28.9519882202 20.9052104950 1.8219732046 0.1323154867 0.3005815744 1190935552.0000000000 
90.7416534424 26.0667438507 38.9474792480 -0.2928604186 -0.8795685172 -0.5155718923 343784480.0000000000 
27.9383583069 18.8455619812 65.5880050659 -0.8189246655 0.5212779641 1.4793286324 564362688.0000000000 
61.2582588196 38.2861747742 54.5089836121 0.1523347348 -1.4934537411 -0.6452026963 1556117120.0000000000 
96.6615905762 7.2118687630 58.6042594910 1.8245401382 -0.4380250573 0.9321892262 2279283968.0000000000 
96.7182693481 32.8626708984 44.9654846191 1.2424871922 0.4324651361 1.2428050041 655441088.0000000000 
83.0606002808 13.7019519806 49.6353187561 -1.1691112518 -0.6051465273 1.9398988485 1249814656.0000000000 
96.5730819702 81.7384948730 68.5822525024 0.1965076625 -0.7648845315 -0.8029033542 244420784.0000000000 
39.2056198120 69.2280883789 67.1651687622 -0.7741162181 0.9354762435 -0.9810013175 671713280.0000000000 
2.3683056831 95.2364349365 19.4602737427 -1.8860943317 -0.8391125798 0.2923975587 2116534656.0000000000 
97.1539688110 38.2432861328 11.2640638351 1.1770014763 0.2060449719 0.0977721661 26997798.0000000000 
93.8600387573 45.8474159241 45.8049125671 1.2694098949 -0.6284704804 -1.0538288355 971450048.0000000000 
57.6698684692 47.5749168396 42.7985687256 -1.6490294933 -1.2679877281 -1.1586691141 988699200.0000000000 
83.1356048584 45.8350753784 73.2675628662 -1.8674268723 -0.1479167491 1.3614335060 161617440.0000000000 
79.3512878418 47.0669097900 81.4601211548 0.6700851917 1.1607668400 -1.9426126480 1180596352.0000000000 
26.7781009674 43.1911315918 58.1696853638 -1.1837013960 -1.9336631298 1.9678798914 74804640.0000000000 
26.7747917175 28.4419918060 49.9516296387 -1.8989022970 1.0965218544 1.6188169718 279789440.0000000000 
102.7365417480 12.7755393982 44.1821594238 1.4612171650 0.3411330283 -1.3096961975 2298626816.0000000000 
9.6759729385 0.2604596615 106.2620925903 1.2048754692 -0.2585937381 1.5594221354 1169803904.0000000000 
22.3914012909 90.3501663208 92.4037322998 0.1957714558 -0.2513177395 -0.3384261131 1858368768.0000000000 
52.3647308350 44.4352912903 71.1980361938 1.2204998732 0.5314680338 -1.2366234064 2117935360.0000000000 
39.0327987671 3.8679382801 95.0923614502 -0.5234987736 -1.1547542810 -0.1878201663 616242688.0000000000 
84.9452972412 66.8679962158 9.6809349060 1.2652926445 0.6090884805 -1.3647013903 1547604608.0000000000 
4.3608388901 13.8223676682 -0.7042727470 -0.7823921442 1.8680777550 -1.8676289320 2100754176.0000000000 
47.8214645386 52.3681983948 55.4936103821 1.4730619192 1.4651421309 -0.5732945204 1730239104.0000000000 
60.0551986694 57.7517776489 53.9077720642 1.7212016582 0.5705669522 -0.0010431351 750729088.0000000000 
88.0490188599 98.4442291260 58.9499168396 0.5281897783 0.3738929629 0.8575671911 1153487872.0000000000 
22.5403957367 94.3797683716 1.4849399328 -0.6276554465 1.6077392101 -1.2944779396 1596420736.0000000000 
82.3381271362 22.4651355743 39.1766738892 -0.9024353027 0.6229707003 -1.7270791531 351660448.0000000000 
41.7225990295 51.2757034302 80.6007614136 -1.8962062597 1.8621327877 -0.5465616584 2393253632.0000000000 
60.6747322083 93.6560821533 31.9446811676 -0.1432718337 1.3040057421 1.2688153982 264193392.0000000000 
47.6878623962 49.2513580322 59.6105918884 0.7702891231 -0.4961487055 0.5598527789 88982664.0000000000 
22.0234470367 71.6074905396 60.4438591003 -1.3430280685 -1.9896306992 -1.4019706249 1077101056.0000000000 
59.1175041199 24.2314376831 55.5099449158 -1.2357290983 0.5377656221 -0.3287498057 482332320.0000000000 
54.6392250061 80.4867019653 13.2769098282 -1.1339944601 0.5533375144 -0.3289950788 1708352128.0000000000 
56.5707054138 25.8807201385 75.9821395874 1.6720401049 0.9452744722 -0.5943948030 1538075904.0000000000 
8.9534492493 6.8143725395 61.5836524963 -0.3777716756 1.3065687418 -0.7023175955 1385998464.0000000000 
82.3682861328 51.6456336975 99.4925155640 -0.1026631668 0.7612564564 0.1650230885 1621571328.0000000000 
41.5094490051 100.7306594849 93.9281539917 1.7335147858 0.9055699706 1.9415656328 370567072.0000000000 
45.7728385925 42.2146873474 85.4703826904 1.4816271067 0.4560278952 0.4442572892 1964868864.0000000000 
33.1326408386 107.1656723022 31.1645050049 -0.1940315217 1.8794112206 -1.7885127068 2119255936.0000000000 
82.3792114258 44.7778739929 37.9866676331 0.4910402000 1.4093946218 -0.4388994277 272385600.0000000000 
62.4085235596 102.3920593262 77.7091827393 1.5104572773 1.5727967024 0.3824056685 2021990272.0000000000 
54.7440490723 68.8799057007 101.3457641602 -1.9029985666 1.9482858181 1.1051028967 2230719232.0000000000 
69.0637588501 38.7184410095 59.3393402100 1.7459431887 -0.4233214855 -1.7142699957 984864704.0000000000 
29.9174327850 13.4049606323 27.0817813873 -1.3373790979 0.0710938424 0.5949040055 1979121408.0000000000 
44.5712661743 12.6570177078 93.1309127808 1.6464321613 1.9183812141 0.5997400880 1972742656.0000000000 
88.4258270264 32.6844139099 60.8520507812 0.0649666414 1.3882673979 0.2036412209 1372633984.0000000000 
82.6637039185 39.4011611938 36.5369071960 -0.2543500662 1.0102081299 -1.5151789188 961968960.0000000000 
14.0421781540 16.5172977448 68.3533935547 0.0517202057 -0.6652780771 -1.9017922878 1673959296.0000000000 
77.8467178345 70.2940063477 43.3858985901 -1.2207430601 0.7702057362 -0.5420725346 285452576.0000000000 
68.0832443237 -2.3728640079 90.2739028931 0.2085781097 -0.8574864268 -0.0247012544 183358944.0000000000 
21.9176006317 3.6885533333 53.5026893616 1.8829483986 -0.3619613945 -1.7516520023 1014210944.0000000000 
11.0839748383 16.0824527740 80.3464736938 -0.8144451380 -0.4343420267 0.2522144020 1988700672.0000000000 
72.2538604736 54.0180473328 55.0503349304 0.1884379089 -0.9883371592 1.7090504169 1884307328.0000000000 
97.1939544678 25.0085563660 92.1480560303 0.4425627887 -0.7547030449 1.0573881865 425043136.0000000000 
62.7423057556 23.8621101379 31.7178668976 0.8323860765 -0.6627169251 1.4882045984 1688942720.0000000000 
80.3762969971 85.1237487793 15.6486396790 1.5067703724 -1.5826046467 1.5227161646 427815936.0000000000 
43.6905632019 34.6879501343 95.1543197632 -1.1560578346 -1.8805564642 -0.3272454441 1898349696.0000000000 
23.1423721313 38.7761726379 48.9022407532 -1.0470200777 0.6060336828 -0.4891652167 2131328000.0000000000 
96.1600418091 13.7457828522 -2.3540627956 0.1355960518 -0.2860753238 -0.9082473516 627189696.0000000000 
74.9093017578 4.3520627022 82.7764968872 -0.0729882196 -1.7588851452 -1.9724904299 903226944.0000000000 
20.8302936554 84.2758941650 53.2273750305 0.6964657903 -0.7496466637 -0.0033045835 2192292608.0000000000 
37.8238563538 88.7038345337 56.5975456238 0.5763413310 -0.9204390645 -1.4069478512 2170863360.0000000000 
101.1204452515 56.6882972717 76.9246520996 1.5030676126 0.7308508158 0.9623727798 1071907456.0000000000 
17.9401741028 -6.1453361511 70.0258255005 1.4580457211 -1.3969625235 0.4069473743 852146816.0000000000 
17.8146209717 61.2162742615 64.8454971313 -0.4642631412 -0.0376644321 -1.0850801468 113080464.0000000000 
74.6003265381 76.6017837524 93.2588424683 -1.3607778549 0.6410127282 0.1825014800 1999278848.0000000000 
102.9206161499 65.4993362427 64.5842971802 1.4998794794 -1.0601943731 -0.4453763068 1941790592.0000000000 
82.5316696167 6.1467084885 28.2896308899 -1.9133828878 -1.4010794163 1.5557408333 2218162432.0000000000 
27.9987564087 41.2154998779 31.5006237030 -0.0527925678 -1.5840159655 1.7577347755 2152500736.0000000000 
58.0244445801 24.4949665070 97.1071853638 -0.3664468527 1.6102989912 1.2775361538 1441162240.0000000000 
56.5679702759 30.5885448456 28.5279331207 0.0554633364 -1.6139533520 -1.8110337257 1008419968.0000000000 
28.3259258270 44.6541023254 15.8192729950 -0.9828191400 0.2706886232 -0.4183286428 700891904.0000000000 
80.5385894775 32.3434143066 14.7779245377 1.9634544849 1.0633194447 -0.3737124801 1186929664.0000000000 
85.9561004639 32.4322624207 28.4411182404 -0.1593373567 -0.0284517147 -1.0214725733 2192722432.0000000000 
47.9649276733 6.3019332886 51.9566307068 1.8047817945 -0.1235804036 1.3210945129 1169165952.0000000000 
62.8629875183 83.4657897949 78.0287246704 1.5399798155 -0.7961460352 -1.8346771002 342961888.0000000000 
88.7754821777 47.7884712219 43.4883651733 0.2855193913 0.8182919025 0.3539811075 1424463872.0000000000 
43.6271171570 94.1478042603 2.1509628296 -0.6625169516 -0.8026760221 -0.4427012205 2003350912.0000000000 
73.4517440796 66.0581741333 60.4584121704 -1.2767606974 0.7585480809 -1.4870558977 347698784.0000000000 
19.0873165131 102.7575759888 60.1983413696 0.8349134326 1.2912944555 -0.1033604071 1464485504.0000000000 
4.6458086967 62.1917762756 65.0488662720 -1.9146515131 1.8572716713 -1.4583455324 1488340480.0000000000 
60.1171989441 76.6820755005 10.7975034714 -1.4431169033 0.8142279387 -1.1222642660 1195904256.0000000000 
7.6944532394 53.2393302917 37.1640129089 1.2938141823 -1.1548088789 1.8467984200 2495952128.0000000000 
81.5501480103 0.1368789077 18.6996746063 -1.8021610975 -1.7565881014 1.0028293133 1891348992.0000000000 
79.2953567505 27.2995967865 25.6252517700 -1.8992378712 1.0359637737 -1.7102738619 114439328.0000000000 
69.3816299438 29.2811050415 70.1528472900 -0.4609011710 1.7523226738 1.1951102018 1329024000.0000000000 
66.8372192383 3.7744388580 -3.1310381889 0.6030691862 0.4485255778 -0.8100998998 1157337984.0000000000 
86.2726211548 21.5407543182 48.1189842224 0.8846760988 -0.6460376978 0.3945941329 1945713408.0000000000 
34.5185928345 35.6734237671 61.0085144043 -0.8903040290 0.2891278565 1.4975434542 768914304.0000000000 
22.2618732452 87.1348495483 45.2400894165 -1.8583173752 -1.4392070770 1.9855539799 1054326720.0000000000 
12.3997097015 86.3706588745 104.5247726440 0.8940032125 1.2536945343 1.8228752613 923901632.0000000000 
37.0767555237 25.3701171875 79.0691070557 -1.0355228186 0.0247705039 -0.8481898308 2410282752.0000000000 
78.3639144897 83.8935699463 69.7534713745 -1.1152399778 -1.0868955851 -0.9026206136 1264272768.0000000000 
72.3484878540 7.4408955574 74.6257171631 -1.5460567474 -1.5849928856 -1.3452768326 371787168.0000000000 
21.0808277130 25.3964729309 57.5010528564 -0.6734371781 1.8684530258 0.0866361633 107279112.0000000000 
71.7959594727 53.4943809509 36.1822624207 -1.2188107967 0.9534032345 -1.0055835247 1104158720.0000000000 
15.7122440338 52.5124015808 33.6044654846 -1.6687632799 -0.2701023519 -1.3677513599 770091136.0000000000 
66.0579528809 44.2054557800 83.8165969849 -0.1268214583 0.3408752084 0.4678218961 1459685888.0000000000 
76.0710144043 88.3810577393 69.2982101440 1.6765738726 1.7867568731 -0.7976052165 616933888.0000000000 
95.4046096802 78.9352340698 33.0173339844 0.7295116782 -0.7575457692 0.8130147457 2239244800.0000000000 
1.3737871647 94.3551559448 38.6019172668 -0.7906759977 -0.0863495842 0.9741609693 936129344.0000000000 
93.3277511597 85.4087677002 68.1535949707 0.3038495183 -0.7539088726 -0.0215841010 129234304.0000000000 
91.0423812866 20.7122364044 60.9366416931 0.2498527616 1.7033753395 -0.5335386395 1237301248.0000000000 
92.8493728638 67.0355758667 64.8126220703 1.1194558144 -0.0226399060 -1.8714019060 1207201152.0000000000 
88.4445190430 76.9243164062 42.1969146729 1.4347190857 0.7042257786 0.8724436760 402004640.0000000000 
8.4452695847 43.0240936279 47.9245986938 -1.6180408001 -0.5677302480 -1.1168501377 1670141056.0000000000 
67.9757308960 78.1095962524 69.0796890259 0.2479403019 1.3326221704 -0.5831770301 341806912.0000000000 
77.8591384888 70.1838378906 60.6110877991 0.4732087553 -0.4424828291 -0.5196112990 1034446016.0000000000 
93.2910614014 33.2849960327 85.1376190186 0.7858372927 -1.4329483509 -0.9143695831 1426351872.0000000000 
91.5330200195 98.0139617920 68.4233016968 1.9097507000 -0.2384793609 -0.9543620944 173316464.0000000000 
79.3583145142 42.4341621399 72.8488388062 -0.1536739618 -1.1928931475 -0.1857759953 78360224.0000000000 
9.3876838684 81.9198379517 22.8458938599 1.1755806208 0.1269830465 1.2144911289 1038454016.0000000000 
99.4651336670 18.9196758270 87.3687286377 1.2679231167 0.3349686265 0.8769174814 1319711616.0000000000 
72.2768554688 10.0311498642 16.5221118927 0.1312268078 1.9976775646 1.3525702953 1301043456.0000000000 
39.1067581177 11.3541088104 55.4952087402 -1.0303853750 0.3659533560 -0.7004278302 1777206016.0000000000 
84.1172866821 80.2885208130 82.3895111084 1.2273826599 0.3564997911 1.6256284714 1510556544.0000000000 
4.5870447159 78.5957336426 9.0505428314 -1.7215936184 1.5051455498 1.4353271723 2216268032.0000000000 
39.6355895996 58.9443321228 41.7159576416 -1.2836688757 0.2923381329 0.0594012924 1779414656.0000000000 
46.9344902039 33.0546722412 29.7419338226 -1.9855552912 -0.2393093109 1.3124890327 633735232.0000000000 
7.9939508438 23.6299095154 100.4593887329 1.2197198868 1.7502630949 0.7804009914 1533064832.0000000000 
56.2172164917 58.2046508789 16.5528182983 0.6235795021 -0.7015467286 -1.0239405632 1814743552.0000000000 
24.4549350739 11.8692245483 51.7580032349 0.7023373842 0.6733795404 -1.9000251293 2118996864.0000000000 
29.7412433624 61.5890502930 61.7492980957 1.2424441576 1.5282783508 1.1616340876 2035679360.0000000000 
29.0298690796 66.6021804810 -2.4271893501 -0.6005429626 1.0487987995 -1.8095612526 348667872.0000000000 
64.0885696411 70.9542236328 84.6377868652 -1.1011475325 -0.5936101675 1.8693821430 2221335808.0000000000 
76.0672149658 16.7093181610 55.9579353333 1.5584627390 -0.7792520523 -1.1016772985 1408147840.0000000000 
88.9851226807 31.2785396576 50.4995994568 -1.2989251614 1.1933504343 1.8844872713 2483404544.0000000000 
77.4567871094 73.6454772949 88.1647415161 1.9764509201 -0.5128905773 1.4646294117 843486208.0000000000 
20.5154933929 93.5864868164 42.3040199280 1.3587737083 0.5473092198 -1.0718278885 148720784.0000000000 
4.0160384178 18.1264095306 96.0209350586 0.7897788286 -0.3589436710 0.2366672754 1442410240.0000000000 
73.0064697266 69.7399597168 15.1452426910 0.5941855907 -1.8444100618 0.2441505790 2106908672.0000000000 
83.7214202881 47.6098213196 86.7893066406 0.0122988066 -0.9167983532 0.6468066573 1270528000.0000000000 
71.7422561646 50.4304542542 80.9410247803 1.1773536205 -0.3011495173 -0.7370064259 1574282112.0000000000 
-1.0869330168 60.2264595032 71.6062927246 -1.6547094584 1.0037106276 0.5257991552 1898468864.0000000000 
23.0941390991 29.7688579559 33.2137336731 1.4577269554 1.9758319855 -0.0761359781 1279560320.0000000000 
10.6358671188 3.8186650276 29.2859745026 1.5062582493 0.2241428494 -1.2325886488 949201088.0000000000 
82.9171142578 80.4513549805 93.3674011230 -0.0776427686 -0.6125314236 0.8943340778 716117760.0000000000 
85.0557403564 7.8709950447 93.6273727417 1.3936475515 0.4729831517 0.3798556924 2320584192.0000000000 
36.3591918945 23.1650238037 59.2212791443 0.0814911574 -0.2089749575 -1.9135221243 942062784.0000000000 
42.4327201843 50.5718688965 83.5962524414 -0.1278747320 0.0946583450 -1.0910043716 827972224.0000000000 
15.9690523148 38.7706184387 73.0183944702 1.6637433767 -0.9236521721 0.3788098395 998873408.0000000000 
60.2302818298 31.0560913086 70.5916061401 -0.3990444541 -0.4210411012 0.3887219131 639246656.0000000000 
96.6338424683 19.7938728333 25.8837909698 -0.6198003292 -0.1831283718 1.5092076063 2185571328.0000000000 
85.6462860107 87.3694229126 17.9746112823 -0.7302471399 -0.4551333189 -1.4116189480 1966807552.0000000000 
82.4376983643 44.6351394653 18.4717826843 -2.0124180317 1.2681711912 1.3633838892 2276594432.0000000000 
12.8168153763 47.9395751953 40.9649353027 0.8970529437 1.0221363306 1.9862322807 274358656.0000000000 
7.7909898758 65.9130096436 37.5695991516 -1.3818393946 1.2086743116 0.2142371535 1250367360.0000000000 
18.6779155731 38.5424728394 40.0087127686 -1.2345091105 -0.5520166159 0.4686890244 1179809024.0000000000 
73.8861694336 69.4434738159 23.4007644653 0.5155350566 -1.4204204082 -0.4854072332 1595620352.0000000000 
87.3057861328 23.2049427032 62.0789680481 -1.8886595964 0.5198461413 1.4306731224 1894084992.0000000000 
40.0784759521 84.5333023071 81.3176116943 0.1598518193 -0.2087022364 -1.0993896723 1712345216.0000000000 
26.2765369415 72.2428131104 19.7533645630 0.0715543330 -1.2026511431 0.2604887187 1659350144.0000000000 
46.5897750854 27.5456695557 11.5377426147 -1.0758997202 1.8223482370 -0.3876800537 2172281600.0000000000 
1.1682173014 86.5262069702 41.8505439758 -1.7101067305 1.8738701344 -1.7709738016 283316704.0000000000 
50.9440383911 96.8228759766 91.7880783081 -1.9919620752 1.0416219234 0.9250298738 1356196864.0000000000 
22.0734329224 101.9400405884 21.1275196075 -0.0574235842 0.9399040937 -0.3146044612 2497102848.0000000000 
95.0723953247 90.2632064819 72.1925811768 -0.1336317956 -1.4002102613 1.1806241274 1770390656.0000000000 
4.8906979561 28.6109542847 49.4005889893 -1.1372679472 1.8871414661 -1.6546225548 670055872.0000000000 
94.8805541992 5.2192602158 33.2176742554 0.1710540503 -1.7427150011 -0.9760540724 1376241408.0000000000 
73.5389556885 108.2328948975 5.7597579956 -1.8131572008 1.8208061457 -0.6976235509 1332928640.0000000000 
74.9371337891 77.3184890747 47.1242294312 0.6778567433 0.7918887734 -1.2062865496 369204352.0000000000 
95.4750061035 92.9072723389 84.1540222168 1.8456115723 -1.2898434401 -0.2995325923 433875360.0000000000 
6.7578191757 54.8476486206 50.6294975281 -1.6043741703 0.6243238449 1.2926002741 1592934400.0000000000 
72.0234909058 -1.0557135344 14.4120903015 0.1440116763 -1.6935932636 -0.8633936644 1470813312.0000000000 
7.6881909370 56.7881393433 15.2843599319 1.0035082102 -0.6565688848 0.6374924183 1036182720.0000000000 
11.9817628860 91.5584716797 54.5677223206 1.6371392012 1.3343242407 -0.3307570517 2172698880.0000000000 
-3.7921891212 82.3974533081 4.0186266899 -1.2700719833 -0.5487779379 -0.0345896222 659008768.0000000000 
7.5045847893 28.4663124084 81.7457275391 1.0156852007 -0.4289323390 -1.6884278059 692096896.0000000000 
44.3641548157 46.3219375610 96.1289367676 -0.0860112831 1.8792814016 1.8979892731 546901632.0000000000 
27.5891723633 63.7610626221 57.1333618164 -0.5414503217 -0.0675400943 -1.2316844463 608371392.0000000000 
30.0717849731 60.6175422668 4.3858966827 -0.5605219603 -0.1561342478 -1.3776280880 1326760064.0000000000 
90.3261566162 72.8046035767 83.1951293945 1.3946512938 1.7549167871 0.7142478228 1490062464.0000000000 
38.4542884827 71.3919219971 91.9334945679 1.1216417551 -1.3973189592 0.9058005810 632229248.0000000000 
10.8976192474 69.6965408325 39.2988929749 -0.2606169879 -0.5702734590 -1.5675668716 1924179328.0000000000 
78.9236450195 38.3191032410 -6.0812635422 -1.2840996981 1.6619998217 -1.4555386305 1344747264.0000000000 
32.0813140869 36.2190132141 14.2608547211 -1.1295523643 1.6257853508 1.4977432489 170054704.0000000000 
80.4395828247 52.6292266846 67.1397476196 -1.2495043278 -0.6345289946 0.1425205022 2429656064.0000000000 
51.7468452454 37.5380516052 26.5343513489 0.4590342045 2.0154898167 0.8330698013 109326520.0000000000 
30.8492736816 72.1211624146 87.7904891968 -1.1087245941 -1.6096525192 1.2717454433 999917440.0000000000 
-0.5543327332 89.7828216553 83.8705902100 -0.4026860595 -1.0919945240 -1.9927290678 1508538880.0000000000 
5.6460638046 85.4259567261 63.8088607788 -1.9003096819 -0.3133185804 -0.6739277244 532960160.0000000000 
72.1100463867 80.1003570557 16.7694396973 -0.9633163810 -1.4448159933 -0.3332024515 2199914240.0000000000 
14.9804830551 18.8614730835 97.0352859497 0.0826784298 1.6850415468 0.9092130065 1822664192.0000000000 
-8.4924373627 56.7112197876 4.3059301376 -1.8608952761 0.0749879107 -1.7065287828 1043626176.0000000000 
82.7416534424 16.2445468903 6.0207443237 1.5849382877 1.7919704914 0.8047300577 2295522560.0000000000 
29.8016071320 10.8724565506 9.5466861725 -1.4401936531 1.6371921301 -0.7018203735 1005195008.0000000000 
-1.2669416666 79.2346420288 22.3326396942 -1.1853009462 1.3151874542 -1.1731139421 1764807552.0000000000 
78.9283599854 94.3031845093 44.8017425537 0.9772216082 -0.0160909127 0.2663479149 1933256832.0000000000 
7.6601815224 67.1471633911 13.3426218033 1.1162590981 0.8037353158 -1.1402982473 1673593216.0000000000 
55.0588836670 98.9143295288 63.1523742676 -1.9260561466 1.6814079285 0.8772755265 390442016.0000000000 
90.7685699463 8.9270410538 62.6089897156 1.5113751888 1.1019965410 1.3500447273 184713360.0000000000 
56.0785331726 14.4438009262 72.2491378784 -0.6708477736 1.9848757982 -1.1514836550 207812448.0000000000 
49.8767204285 76.0333099365 76.5138702393 0.0727013499 -0.3796818852 -1.8377795219 716283008.0000000000 
16.5996856689 19.2119503021 96.2201995850 1.0332133770 -1.3302259445 0.0907141566 1945531008.0000000000 
18.0732803345 22.1832008362 93.3421096802 1.7341146469 -0.8272281885 -0.0140984049 2014338688.0000000000 
9.2280197144 30.8136177063 90.9908981323 0.6677880883 -0.5012261271 0.5837047696 2470279424.0000000000 
44.2228927612 90.6871337891 15.9520883560 1.4912788868 0.6843761802 1.8072187901 950215936.0000000000 
-0.1118910387 92.0821838379 69.0806961060 -1.2635284662 -1.0945873260 0.4788462520 2344663808.0000000000 
39.4641876221 15.2848033905 74.5956344604 -0.0330230407 -0.2465603054 0.5938875079 1042820096.0000000000 
78.3925399780 13.8958635330 14.3943262100 1.1335377693 -0.0718005598 -1.5657619238 1101828992.0000000000 
79.9146881104 78.8458480835 42.9120559692 -1.1290894747 0.5166454315 0.0104489559 214974240.0000000000 
25.9571456909 40.8732910156 39.2320976257 -0.5887274742 -0.3727827370 -1.4873280525 1321933440.0000000000 
54.2625122070 83.8992691040 40.3581352234 -1.8701013327 1.6726020575 -1.2469942570 1308513280.0000000000 
26.5809059143 92.8227157593 87.2412948608 -1.6795076132 1.8920012712 -1.3725316525 2159463680.0000000000 
41.4600830078 17.2149848938 35.1491012573 -0.7439717650 -1.8577773571 0.9418829679 1325694720.0000000000 
75.4113311768 26.6014995575 53.2514610291 1.7902597189 0.6615996361 -1.6734259129 762710080.0000000000 
10.4683799744 30.9507560730 79.3880691528 0.8308610916 1.8962543011 -0.7989556789 1831534976.0000000000 
83.9022979736 44.6079788208 19.5675926208 -1.0854194164 -0.7568712234 -1.2127132416 797066368.0000000000 
34.1972045898 38.5437889099 18.0952320099 0.9896627069 0.5148336291 -0.0150336986 131065008.0000000000 
61.4996070862 21.3032741547 52.0794944763 -0.7854874730 -0.1203137040 -1.2387684584 676691968.0000000000 
5.1877322197 28.0966892242 55.7448310852 -1.2446887493 0.0015427603 -0.3725417256 2197250304.0000000000 
43.8177337646 64.8175964355 68.4921112061 -0.5715971589 -1.2489955425 1.4632967710 1499924608.0000000000 
56.9922637939 4.9869875908 83.8564987183 1.2000750303 -0.2654797435 -1.6137611866 1368647168.0000000000 
9.0031881332 65.0089874268 53.6938743591 0.8155230880 1.2246446609 -1.2681676149 52624000.0000000000 
23.8952579498 41.4536857605 36.6015930176 -0.4716146290 0.6633235812 1.5042972565 1392404480.0000000000 
18.5346450806 37.5119323730 34.5386581421 0.5461084843 1.9763474464 -1.8012793064 2459964928.0000000000 
21.8770866394 100.9898986816 58.4441146851 0.7640752196 1.8861277103 0.0117105208 1231722496.0000000000 
39.3446388245 54.2847785950 6.9167432785 -0.1927856356 -1.2252579927 0.6008796096 390968320.0000000000 
-4.4134964943 76.2999877930 17.1720638275 -0.8945531249 -1.1995048523 -0.1037463844 1606884736.0000000000 
77.1715164185 35.9611587524 22.7416572571 -1.9147944450 0.4670034349 0.5645764470 1630139904.0000000000 
65.7120056152 70.2036895752 57.9823951721 1.1198425293 0.3710422218 -1.1285246611 1179486720.0000000000 
67.2464675903 68.7305526733 86.3935546875 1.8879318237 -0.7206589580 -2.0470874310 1081965440.0000000000 
52.3803901672 63.7805252075 64.2409286499 0.0816732794 -0.1456227154 1.0617544651 1965039104.0000000000 
67.8996124268 25.0847549438 45.4669342041 0.1468658447 0.3129698634 0.5221984386 1411979008.0000000000 
24.3822765350 35.4016036987 28.8267860413 1.1504154205 1.8221832514 1.4454153776 1421696256.0000000000 
46.9234123230 13.2673645020 -5.7634778023 -1.5128587484 1.2075759172 -1.9437947273 254069376.0000000000 
15.1772642136 4.1413450241 45.9234008789 0.6007723212 0.6555845141 -1.5018779039 408724352.0000000000 
18.0759029388 81.4946594238 92.4493484497 1.1965477467 -1.5123839378 -0.5141569972 828827520.0000000000 
77.5088119507 -3.8004145622 81.8595809937 1.5286055803 -0.8736158013 -1.5608478785 1679328768.0000000000 
27.0778026581 87.4551315308 19.5749263763 1.0594416857 -1.8408795595 -0.8895591497 2211142656.0000000000 
92.5451583862 24.5345039368 98.9252166748 1.8060826063 -0.8019168377 0.0452790707 1498219264.0000000000 
86.1439361572 65.2431259155 80.5008621216 -1.7957441807 0.1838389635 0.8396413326 2160565760.0000000000 
63.2099647522 1.0800292492 11.4764223099 -0.5629912615 -1.5787845850 -1.6060639620 608068160.0000000000 
38.5596427917 14.0087165833 84.5196838379 0.3526813090 -1.2889209986 -1.4084010124 871746816.0000000000 
