1 * 1024 			 0.38804
2 * 1024 			 0.768039
3 * 1024 			 1.14816
4 * 1024 			 1.52831
5 * 1024 			 1.9083
6 * 1024 			 2.28836
7 * 1024 			 2.66847
8 * 1024 			 3.04842
9 * 1024 			 3.42837
10 * 1024 			 3.80836
11 * 1024 			 4.18835
12 * 1024 			 4.56828
13 * 1024 			 4.94829
14 * 1024 			 10.6443
15 * 1024 			 11.4056
16 * 1024 			 12.1662
17 * 1024 			 12.9266
18 * 1024 			 13.6866
19 * 1024 			 14.4469
20 * 1024 			 15.207
21 * 1024 			 15.9671
22 * 1024 			 16.7273
23 * 1024 			 17.4873
24 * 1024 			 18.2477
25 * 1024 			 19.0078
26 * 1024 			 19.7684
27 * 1024 			 30.7755
28 * 1024 			 31.9177
29 * 1024 			 33.0582
30 * 1024 			 34.1994
